 Comunidad_de_riego_Turia_ SWAT+ Jun 13 2023       MODULAR Rev 2023.60.5.7                                
  jday   mon   day    yr    unit  gis_id  name                  precip     snofall      snomlt    surq_gen        latq    wateryld        perc          et     ecanopy      eplant       esoil   surq_cont          cn     sw_init    sw_final      sw_ave      sw_300    sno_init   sno_final     snopack         pet       qtile         irr  surq_runon  latq_runon    overbank    surq_cha    surq_res     surq_ls    latq_cha    latq_res     latq_ls     gwtranq       satex  satex_chan   sw_change     lagsurf     laglatq    lagsatex     wet_out
                                                                  mm            mm          mm          mm          mm          mm          mm          mm          mm          mm          mm          mm         ---          mm          mm          mm          mm          mm          mm          mm          mm          mm          mm          mm          mm          mm          mm          mm          mm          mm          mm          mm          mm          mm          mm          mm          mm          mm          mm          mm
    31     1    31  2016       1       1  Comunidad_de_rie       0.790       0.000       0.000       0.000       0.000       0.000       0.000       1.240       0.450       0.000       0.790       0.000       0.000       0.000       0.000       0.000       0.000       0.000       0.000       0.000      65.938       0.000       0.000       0.000       0.000       0.000       0.000       0.000       0.000       0.000       0.000       0.000       0.000       0.000       0.000       0.000       0.000       0.000       0.000       0.790
    60     2    29  2016       1       1  Comunidad_de_rie       2.890       0.000       0.000       0.000       0.000       0.000       0.000       3.565       0.675       0.000       2.890       0.000       0.000       0.000       0.000       0.000       0.000       0.000       0.000       0.000      89.596       0.000       0.000       0.000       0.000       0.000       0.000       0.000       0.000       0.000       0.000       0.000       0.000       0.000       0.000       0.000       0.000       0.000       0.000       2.890
    91     3    31  2016       1       1  Comunidad_de_rie      18.150       0.000       0.000       0.000       0.000       0.000       0.000      19.026       0.876       0.899      17.252       0.000       0.000       0.000       0.000       0.171       0.171       0.000       0.000       0.000      97.784       0.000       0.000       0.000       0.000       0.000       0.000       0.000       0.000       0.000       0.000       0.000       0.000       0.000       0.000      -0.000       0.000       0.000       0.000       9.858
   121     4    30  2016       1       1  Comunidad_de_rie      25.160       0.000       0.000       0.000       0.000       0.000       0.000      26.085       1.057       1.048      23.980       0.000       0.000       0.000       0.132       0.183       0.186       0.000       0.000       0.000     105.971       0.000       0.000       0.000       0.000       0.000       0.000       0.000       0.000       0.000       0.000       0.000       0.000       0.000       0.000       0.132       0.000       0.000       0.000      13.894
   152     5    31  2016       1       1  Comunidad_de_rie      21.970       0.000       0.000       0.000       0.000       0.000       0.000      23.302       1.199       1.063      21.040       0.000       0.000       0.132       0.000       0.121       0.119       0.000       0.000       0.000     139.233       0.000       0.000       0.000       0.000       0.000       0.000       0.000       0.000       0.000       0.000       0.000       0.000       0.000       0.000      -0.132       0.000       0.000       0.000      11.330
   182     6    30  2016       1       1  Comunidad_de_rie       1.470       0.000       0.000       0.000       0.000       0.000       0.000       1.886       0.416       0.000       1.470       0.000       0.000       0.000       0.000       0.000       0.000       0.000       0.000       0.000     160.947       0.000       0.000       0.000       0.000       0.000       0.000       0.000       0.000       0.000       0.000       0.000       0.000       0.000       0.000       0.000       0.000       0.000       0.000       1.470
   213     7    31  2016       1       1  Comunidad_de_rie       0.300       0.000       0.000       0.000       0.000       0.000       0.000       0.600       0.300       0.000       0.300       0.000       0.000       0.000       0.000       0.000       0.000       0.000       0.000       0.000     166.724       0.000       0.000       0.000       0.000       0.000       0.000       0.000       0.000       0.000       0.000       0.000       0.000       0.000       0.000       0.000       0.000       0.000       0.000       0.300
   244     8    31  2016       1       1  Comunidad_de_rie      25.490       0.000       0.000       2.112       0.000       2.112       0.000      24.325       0.947       1.041      22.337       4.224       0.000       0.000       0.000       0.035       0.035       0.000       0.000       0.000     142.186       0.000       0.000       0.000       0.000       0.000       4.224       0.000       0.000       0.000       0.000       0.000       0.000       0.000       0.000      -0.000       0.000       0.000       0.000      14.069
   274     9    30  2016       1       1  Comunidad_de_rie      47.290       0.000       0.000       2.013       0.000       2.013       0.000      34.595       0.867       1.230      32.497       4.027       0.000       0.000       0.930       0.170       0.186       0.000       0.000       0.000     108.256       0.000       0.000       0.000       0.000       0.000       4.027       0.000       0.000       0.000       0.000       0.000       0.000       0.000       0.000       0.930       0.000       0.000       0.000      19.570
   305    10    31  2016       1       1  Comunidad_de_rie      13.750       0.000       0.000       0.000       0.000       0.000       0.000      26.654       1.825       2.123      22.706       0.000       0.000       0.930       0.470       0.531       0.523       0.000       0.000       0.000      62.054       0.000       0.000       0.000       0.000       0.000       0.000       0.000       0.000       0.000       0.000       0.000       0.000       0.000       0.000      -0.460       0.000       0.000       0.000      13.132
   335    11    30  2016       1       1  Comunidad_de_rie      71.260       0.000       0.000      15.551       0.000      15.551       0.000      12.846       1.327       1.324      10.195      31.102       0.000       0.470       1.792       0.466       0.488       0.000       0.000       0.000      42.350       0.000       0.000       0.000       0.000       0.000      31.102       0.000       0.000       0.000       0.000       0.000       0.000       0.000       0.000       1.321       0.000       0.000       0.000       6.103
   366    12    31  2016       1       1  Comunidad_de_rie      27.180       0.000       0.000      37.972       0.000      37.972       0.000      28.900       2.100       4.162      22.638      75.943       0.000       1.792       5.070       3.621       3.674       0.000       0.000       0.000      18.784       0.000       0.000       0.000       0.000       0.000      75.943       0.000       0.000       0.000       0.000       0.000       0.000       0.000       0.000       3.278       0.000       0.000       0.000      13.149
    31     1    31  2017       1       1  Comunidad_de_rie     100.150       0.000       0.000      55.846       0.000      55.846       0.000      32.996       1.375       7.332      24.289     111.692       0.000       5.070       0.978       2.053       1.987       0.000       0.000       0.000      41.429       0.000       0.000       0.000       0.000       0.000     111.692       0.000       0.000       0.000       0.000       0.000       0.000       0.000       0.000      -4.092       0.000       0.000       0.000      13.761
    59     2    28  2017       1       1  Comunidad_de_rie      16.800       0.000       0.000       0.000       0.000       0.000       0.000      37.353       1.200       2.350      33.802       0.000       0.000       0.978       0.400       0.455       0.444       0.000       0.000       0.000      59.244       0.000       0.000       0.000       0.000       0.000       0.000       0.000       0.000       0.000       0.000       0.000       0.000       0.000       0.000      -0.578       0.000       0.000       0.000      17.332
    90     3    31  2017       1       1  Comunidad_de_rie      59.510       0.000       0.000      19.259       0.000      19.259       0.000      41.254       0.602       2.234      38.417      38.519       0.000       0.400       0.000       0.341       0.334       0.000       0.000       0.000      96.256       0.000       0.000       0.000       0.000       0.000      38.519       0.000       0.000       0.000       0.000       0.000       0.000       0.000       0.000      -0.400       0.000       0.000       0.000      22.491
   120     4    30  2017       1       1  Comunidad_de_rie      30.970       0.000       0.000       2.256       0.000       2.256       0.000      19.082       0.785       0.574      17.722       4.513       0.000       0.000       0.866       0.106       0.121       0.000       0.000       0.000     104.933       0.000       0.000       0.000       0.000       0.000       4.513       0.000       0.000       0.000       0.000       0.000       0.000       0.000       0.000       0.866       0.000       0.000       0.000      11.130
   151     5    31  2017       1       1  Comunidad_de_rie       7.230       0.000       0.000       0.000       0.000       0.000       0.000      17.814       0.166       0.983      16.665       0.000       0.000       0.866       0.000       0.097       0.083       0.000       0.000       0.000     154.198       0.000       0.000       0.000       0.000       0.000       0.000       0.000       0.000       0.000       0.000       0.000       0.000       0.000       0.000      -0.866       0.000       0.000       0.000       8.180
   181     6    30  2017       1       1  Comunidad_de_rie      13.670       0.000       0.000       0.000       0.000       0.000       0.000      14.777       1.106       0.430      13.240       0.000       0.000       0.000       0.000       0.013       0.013       0.000       0.000       0.000     178.023       0.000       0.000       0.000       0.000       0.000       0.000       0.000       0.000       0.000       0.000       0.000       0.000       0.000       0.000       0.000       0.000       0.000       0.000       8.349
   212     7    31  2017       1       1  Comunidad_de_rie       2.680       0.000       0.000       0.000       0.000       0.000       0.000       3.442       0.762       0.000       2.680       0.000       0.000       0.000       0.000       0.000       0.000       0.000       0.000       0.000     166.192       0.000       0.000       0.000       0.000       0.000       0.000       0.000       0.000       0.000       0.000       0.000       0.000       0.000       0.000       0.000       0.000       0.000       0.000       2.680
   243     8    31  2017       1       1  Comunidad_de_rie      24.270       0.000       0.000       0.000       0.000       0.000       0.000      12.990       0.937       0.223      11.830       0.000       0.000       0.000       0.497       0.027       0.035       0.000       0.000       0.000     134.789       0.000       0.000       0.000       0.000       0.000       0.000       0.000       0.000       0.000       0.000       0.000       0.000       0.000       0.000       0.497       0.000       0.000       0.000       8.956
   273     9    30  2017       1       1  Comunidad_de_rie      12.400       0.000       0.000       2.106       0.000       2.106       0.000      22.915       0.404       1.131      21.380       4.213       0.000       0.497       0.000       0.176       0.167       0.000       0.000       0.000     108.095       0.000       0.000       0.000       0.000       0.000       4.213       0.000       0.000       0.000       0.000       0.000       0.000       0.000       0.000      -0.497       0.000       0.000       0.000      11.578
   304    10    31  2017       1       1  Comunidad_de_rie      23.080       0.000       0.000       0.000       0.000       0.000       0.000      23.980       0.900       1.083      21.997       0.000       0.000       0.000       0.000       0.206       0.206       0.000       0.000       0.000      71.202       0.000       0.000       0.000       0.000       0.000       0.000       0.000       0.000       0.000       0.000       0.000       0.000       0.000       0.000      -0.000       0.000       0.000       0.000      11.966
   334    11    30  2017       1       1  Comunidad_de_rie      10.000       0.000       0.000       0.000       0.000       0.000       0.000       2.937       0.750       0.020       2.167       0.000       0.000       0.000       0.460       0.016       0.023       0.000       0.000       0.000      46.698       0.000       0.000       0.000       0.000       0.000       0.000       0.000       0.000       0.000       0.000       0.000       0.000       0.000       0.000       0.460       0.000       0.000       0.000       1.683
   365    12    31  2017       1       1  Comunidad_de_rie       2.870       0.000       0.000       0.000       0.000       0.000       0.000      11.108       0.425       0.812       9.871       0.000       0.000       0.460       0.000       0.235       0.228       0.000       0.000       0.000      59.039       0.000       0.000       0.000       0.000       0.000       0.000       0.000       0.000       0.000       0.000       0.000       0.000       0.000       0.000      -0.460       0.000       0.000       0.000       5.432
    31     1    31  2018       1       1  Comunidad_de_rie      23.020       0.000       0.000       0.000       0.000       0.000       0.000      11.122       0.975       0.449       9.697       0.000       0.000       0.000       0.977       0.123       0.139       0.000       0.000       0.000      67.460       0.000       0.000       0.000       0.000       0.000       0.000       0.000       0.000       0.000       0.000       0.000       0.000       0.000       0.000       0.977       0.000       0.000       0.000       7.241
    59     2    28  2018       1       1  Comunidad_de_rie      53.610       0.000       0.000      11.111       0.000      11.111       0.000      37.445       1.225       3.742      32.478      22.222       0.000       0.977       0.471       0.670       0.661       0.000       0.000       0.000      48.933       0.000       0.000       0.000       0.000       0.000      22.222       0.000       0.000       0.000       0.000       0.000       0.000       0.000       0.000      -0.506       0.000       0.000       0.000      18.088
    90     3    31  2018       1       1  Comunidad_de_rie      15.900       0.000       0.000       0.000       0.000       0.000       0.000      36.007       0.953       1.738      33.315       0.000       0.000       0.471       0.000       0.222       0.214       0.000       0.000       0.000     117.779       0.000       0.000       0.000       0.000       0.000       0.000       0.000       0.000       0.000       0.000       0.000       0.000       0.000       0.000      -0.471       0.000       0.000       0.000      19.958
   120     4    30  2018       1       1  Comunidad_de_rie      10.400       0.000       0.000       0.000       0.000       0.000       0.000      11.006       0.606       0.383      10.017       0.000       0.000       0.000       0.000       0.019       0.019       0.000       0.000       0.000     116.702       0.000       0.000       0.000       0.000       0.000       0.000       0.000       0.000       0.000       0.000       0.000       0.000       0.000       0.000       0.000       0.000       0.000       0.000       5.006
   151     5    31  2018       1       1  Comunidad_de_rie       0.000       0.000       0.000       0.000       0.000       0.000       0.000       0.000       0.000       0.000       0.000       0.000       0.000       0.000       0.000       0.000       0.000       0.000       0.000       0.000     141.088       0.000       0.000       0.000       0.000       0.000       0.000       0.000       0.000       0.000       0.000       0.000       0.000       0.000       0.000       0.000       0.000       0.000       0.000       0.000
   181     6    30  2018       1       1  Comunidad_de_rie     136.951       0.000       0.000      55.027       0.000      55.027       0.000      82.569       0.646       2.574      79.349     110.055       0.000       0.000       0.000       0.295       0.295       0.000       0.000       0.000     163.379       0.000       0.000       0.000       0.000       0.000     110.055       0.000       0.000       0.000       0.000       0.000       0.000       0.000       0.000       0.000       0.000       0.000       0.000      45.129
   212     7    31  2018       1       1  Comunidad_de_rie       5.850       0.000       0.000       0.000       0.000       0.000       0.000       6.273       0.422       0.185       5.666       0.000       0.000       0.000       0.000       0.002       0.002       0.000       0.000       0.000     187.022       0.000       0.000       0.000       0.000       0.000       0.000       0.000       0.000       0.000       0.000       0.000       0.000       0.000       0.000       0.000       0.000       0.000       0.000       5.205
   243     8    31  2018       1       1  Comunidad_de_rie       7.800       0.000       0.000       0.000       0.000       0.000       0.000       9.106       1.306       0.000       7.800       0.000       0.000       0.000       0.000       0.000       0.000       0.000       0.000       0.000     152.172       0.000       0.000       0.000       0.000       0.000       0.000       0.000       0.000       0.000       0.000       0.000       0.000       0.000       0.000       0.000       0.000       0.000       0.000       7.800
   273     9    30  2018       1       1  Comunidad_de_rie      56.200       0.000       0.000       0.000       0.000       0.000       0.000      57.273       1.923       1.969      53.381       0.000       0.000       0.000       0.851       0.420       0.434       0.000       0.000       0.000      92.368       0.000       0.000       0.000       0.000       0.000       0.000       0.000       0.000       0.000       0.000       0.000       0.000       0.000       0.000       0.851       0.000       0.000       0.000      29.595
   304    10    31  2018       1       1  Comunidad_de_rie     151.301       0.000       0.000      96.641       0.000      96.641       0.000      36.246       1.233       3.338      31.675     193.283       0.000       0.851       1.065       0.510       0.513       0.000       0.000       0.000      63.011       0.000       0.000       0.000       0.000       0.000     193.283       0.000       0.000       0.000       0.000       0.000       0.000       0.000       0.000       0.214       0.000       0.000       0.000      17.898
   334    11    30  2018       1       1  Comunidad_de_rie     207.201       0.000       0.000     168.805       0.000     168.805       0.000      45.691       1.473       5.854      38.364     337.609       0.000       1.065       1.538       1.432       1.439       0.000       0.000       0.000      33.198       0.000       0.000       0.000       0.000       0.000     337.609       0.000       0.000       0.000       0.000       0.000       0.000       0.000       0.000       0.473       0.000       0.000       0.000      21.224
   365    12    31  2018       1       1  Comunidad_de_rie      13.200       0.000       0.000       0.000       0.000       0.000       0.000      28.434       0.850       3.682      23.901       0.000       0.000       1.538       0.292       0.833       0.813       0.000       0.000       0.000      32.351       0.000       0.000       0.000       0.000       0.000       0.000       0.000       0.000       0.000       0.000       0.000       0.000       0.000       0.000      -1.246       0.000       0.000       0.000      13.040
    31     1    31  2019       1       1  Comunidad_de_rie       0.300       0.000       0.000       0.000       0.000       0.000       0.000       0.892       0.300       0.189       0.403       0.000       0.000       0.292       0.000       0.052       0.048       0.000       0.000       0.000      49.658       0.000       0.000       0.000       0.000       0.000       0.000       0.000       0.000       0.000       0.000       0.000       0.000       0.000       0.000      -0.292       0.000       0.000       0.000       0.300
    59     2    28  2019       1       1  Comunidad_de_rie       0.200       0.000       0.000       0.000       0.000       0.000       0.000       0.400       0.200       0.000       0.200       0.000       0.000       0.000       0.000       0.000       0.000       0.000       0.000       0.000      52.542       0.000       0.000       0.000       0.000       0.000       0.000       0.000       0.000       0.000       0.000       0.000       0.000       0.000       0.000       0.000       0.000       0.000       0.000       0.200
    90     3    31  2019       1       1  Comunidad_de_rie      20.300       0.000       0.000       0.000       0.000       0.000       0.000       1.890       0.350       0.005       1.535       0.000       0.000       0.000       0.235       0.004       0.008       0.000       0.000       0.000      89.403       0.000       0.000       0.000       0.000       0.000       0.000       0.000       0.000       0.000       0.000       0.000       0.000       0.000       0.000       0.235       0.000       0.000       0.000       1.535
   120     4    30  2019       1       1  Comunidad_de_rie     139.701       0.000       0.000      71.092       0.000      71.092       0.000      73.055       1.685       3.435      67.935     142.184       0.000       0.235       0.897       0.545       0.556       0.000       0.000       0.000      95.760       0.000       0.000       0.000       0.000       0.000     142.184       0.000       0.000       0.000       0.000       0.000       0.000       0.000       0.000       0.662       0.000       0.000       0.000      36.559
   151     5    31  2019       1       1  Comunidad_de_rie       8.400       0.000       0.000       0.000       0.000       0.000       0.000      25.570       1.170       1.678      22.721       0.000       0.000       0.897       0.000       0.191       0.176       0.000       0.000       0.000     135.389       0.000       0.000       0.000       0.000       0.000       0.000       0.000       0.000       0.000       0.000       0.000       0.000       0.000       0.000      -0.897       0.000       0.000       0.000      11.738
   181     6    30  2019       1       1  Comunidad_de_rie       1.200       0.000       0.000       0.000       0.000       0.000       0.000       1.489       0.289       0.000       1.200       0.000       0.000       0.000       0.000       0.000       0.000       0.000       0.000       0.000     161.152       0.000       0.000       0.000       0.000       0.000       0.000       0.000       0.000       0.000       0.000       0.000       0.000       0.000       0.000       0.000       0.000       0.000       0.000       1.200
   212     7    31  2019       1       1  Comunidad_de_rie       2.500       0.000       0.000       0.000       0.000       0.000       0.000       2.979       0.478       0.000       2.500       0.000       0.000       0.000       0.000       0.000       0.000       0.000       0.000       0.000     175.214       0.000       0.000       0.000       0.000       0.000       0.000       0.000       0.000       0.000       0.000       0.000       0.000       0.000       0.000       0.000       0.000       0.000       0.000       2.500
   243     8    31  2019       1       1  Comunidad_de_rie       3.200       0.000       0.000       0.000       0.000       0.000       0.000       3.957       0.757       0.000       3.200       0.000       0.000       0.000       0.000       0.000       0.000       0.000       0.000       0.000     151.484       0.000       0.000       0.000       0.000       0.000       0.000       0.000       0.000       0.000       0.000       0.000       0.000       0.000       0.000       0.000       0.000       0.000       0.000       3.200
   273     9    30  2019       1       1  Comunidad_de_rie     104.100       0.000       0.000      50.872       0.000      50.872       0.000      55.923       2.694       2.666      50.562     101.745       0.000       0.000       0.000       0.395       0.395       0.000       0.000       0.000      98.979       0.000       0.000       0.000       0.000       0.000     101.745       0.000       0.000       0.000       0.000       0.000       0.000       0.000       0.000      -0.000       0.000       0.000       0.000      29.350
   304    10    31  2019       1       1  Comunidad_de_rie      28.900       0.000       0.000       2.312       0.000       2.312       0.000      27.116       1.200       1.517      24.399       4.624       0.000       0.000       0.672       0.279       0.289       0.000       0.000       0.000      75.454       0.000       0.000       0.000       0.000       0.000       4.624       0.000       0.000       0.000       0.000       0.000       0.000       0.000       0.000       0.672       0.000       0.000       0.000      13.696
   334    11    30  2019       1       1  Comunidad_de_rie       6.100       0.000       0.000       0.000       0.000       0.000       0.000       7.272       0.500       0.688       6.084       0.000       0.000       0.672       0.000       0.092       0.081       0.000       0.000       0.000      88.799       0.000       0.000       0.000       0.000       0.000       0.000       0.000       0.000       0.000       0.000       0.000       0.000       0.000       0.000      -0.672       0.000       0.000       0.000       3.149
   365    12    31  2019       1       1  Comunidad_de_rie     110.200       0.000       0.000      65.019       0.000      65.019       0.000      45.863       0.682       3.752      41.429     130.038       0.000       0.000       0.000       0.580       0.580       0.000       0.000       0.000      55.167       0.000       0.000       0.000       0.000       0.000     130.038       0.000       0.000       0.000       0.000       0.000       0.000       0.000       0.000       0.000       0.000       0.000       0.000      22.893
    31     1    31  2020       1       1  Comunidad_de_rie     240.001       0.000       0.000     195.367       0.000     195.367       0.000      25.503       1.455       2.207      21.841     390.733       0.000       0.000       0.914       0.377       0.392       0.000       0.000       0.000      34.626       0.000       0.000       0.000       0.000       0.000     390.733       0.000       0.000       0.000       0.000       0.000       0.000       0.000       0.000       0.914       0.000       0.000       0.000      12.785
    60     2    29  2020       1       1  Comunidad_de_rie       7.600       0.000       0.000       0.000       0.000       0.000       0.000      29.139       0.952       2.498      25.689       0.000       0.000       0.914       0.000       0.514       0.498       0.000       0.000       0.000      61.460       0.000       0.000       0.000       0.000       0.000       0.000       0.000       0.000       0.000       0.000       0.000       0.000       0.000       0.000      -0.914       0.000       0.000       0.000      13.429
    91     3    31  2020       1       1  Comunidad_de_rie      45.900       0.000       0.000      10.375       0.000      10.375       0.000      29.125       1.530       2.693      24.901      20.750       0.000       0.000       1.147       0.454       0.472       0.000       0.000       0.000      76.650       0.000       0.000       0.000       0.000       0.000      20.750       0.000       0.000       0.000       0.000       0.000       0.000       0.000       0.000       1.147       0.000       0.000       0.000      14.451
   121     4    30  2020       1       1  Comunidad_de_rie      32.010       0.000       0.000       0.000       0.000       0.000       0.000      41.954       2.013       2.522      37.419       0.000       0.000       1.147       0.000       0.396       0.377       0.000       0.000       0.000      87.993       0.000       0.000       0.000       0.000       0.000       0.000       0.000       0.000       0.000       0.000       0.000       0.000       0.000       0.000      -1.147       0.000       0.000       0.000      20.906
   152     5    31  2020       1       1  Comunidad_de_rie      38.300       0.000       0.000       8.307       0.000       8.307       0.000      30.889       0.895       1.032      28.962      16.613       0.000       0.000       0.000       0.097       0.097       0.000       0.000       0.000     146.943       0.000       0.000       0.000       0.000       0.000      16.613       0.000       0.000       0.000       0.000       0.000       0.000       0.000       0.000       0.000       0.000       0.000       0.000      17.920
   182     6    30  2020       1       1  Comunidad_de_rie      28.000       0.000       0.000       0.000       0.000       0.000       0.000      28.446       0.446       1.155      26.845       0.000       0.000       0.000       0.000       0.031       0.031       0.000       0.000       0.000     163.692       0.000       0.000       0.000       0.000       0.000       0.000       0.000       0.000       0.000       0.000       0.000       0.000       0.000       0.000       0.000       0.000       0.000       0.000      15.939
   213     7    31  2020       1       1  Comunidad_de_rie      14.300       0.000       0.000       0.000       0.000       0.000       0.000      15.370       1.070       0.452      13.848       0.000       0.000       0.000       0.000       0.007       0.007       0.000       0.000       0.000     162.254       0.000       0.000       0.000       0.000       0.000       0.000       0.000       0.000       0.000       0.000       0.000       0.000       0.000       0.000       0.000       0.000       0.000       0.000       9.232
   244     8    31  2020       1       1  Comunidad_de_rie      13.800       0.000       0.000       0.000       0.000       0.000       0.000      14.124       0.323       0.480      13.320       0.000       0.000       0.000       0.000       0.007       0.007       0.000       0.000       0.000     152.734       0.000       0.000       0.000       0.000       0.000       0.000       0.000       0.000       0.000       0.000       0.000       0.000       0.000       0.000      -0.000       0.000       0.000       0.000       8.356
   274     9    30  2020       1       1  Comunidad_de_rie       4.560       0.000       0.000       0.000       0.000       0.000       0.000       5.035       0.475       0.150       4.410       0.000       0.000       0.000       0.000       0.007       0.007       0.000       0.000       0.000     114.024       0.000       0.000       0.000       0.000       0.000       0.000       0.000       0.000       0.000       0.000       0.000       0.000       0.000       0.000      -0.000       0.000       0.000       0.000       2.895
   305    10    31  2020       1       1  Comunidad_de_rie       7.030       0.000       0.000       0.000       0.000       0.000       0.000       7.605       0.575       0.344       6.686       0.000       0.000       0.000       0.000       0.018       0.018       0.000       0.000       0.000      90.789       0.000       0.000       0.000       0.000       0.000       0.000       0.000       0.000       0.000       0.000       0.000       0.000       0.000       0.000       0.000       0.000       0.000       0.000       3.415
   335    11    30  2020       1       1  Comunidad_de_rie     296.781       0.000       0.000     235.521       0.000     235.521       0.000      32.414       1.750       4.481      26.183     471.042       0.000       0.000       1.999       0.989       1.023       0.000       0.000       0.000      25.307       0.000       0.000       0.000       0.000       0.000     471.042       0.000       0.000       0.000       0.000       0.000       0.000       0.000       0.000       1.999       0.000       0.000       0.000      15.079
   366    12    31  2020       1       1  Comunidad_de_rie       2.380       0.000       0.000       5.109       0.000       5.109       0.000      28.692       0.825       3.608      24.259      10.219       0.000       1.999       0.000       0.540       0.508       0.000       0.000       0.000      46.646       0.000       0.000       0.000       0.000       0.000      10.219       0.000       0.000       0.000       0.000       0.000       0.000       0.000       0.000      -1.999       0.000       0.000       0.000      13.761
    31     1    31  2021       1       1  Comunidad_de_rie      61.830       0.000       0.000      32.046       0.000      32.046       0.000      30.425       0.640       3.813      25.972      64.091       0.000       0.000       0.000       0.742       0.742       0.000       0.000       0.000      47.999       0.000       0.000       0.000       0.000       0.000      64.091       0.000       0.000       0.000       0.000       0.000       0.000       0.000       0.000      -0.000       0.000       0.000       0.000      14.078
    59     2    28  2021       1       1  Comunidad_de_rie       3.690       0.000       0.000       0.000       0.000       0.000       0.000       4.136       0.500       0.224       3.412       0.000       0.000       0.000       0.054       0.055       0.055       0.000       0.000       0.000      52.493       0.000       0.000       0.000       0.000       0.000       0.000       0.000       0.000       0.000       0.000       0.000       0.000       0.000       0.000       0.054       0.000       0.000       0.000       2.742
    90     3    31  2021       1       1  Comunidad_de_rie      43.140       0.000       0.000       4.424       0.000       4.424       0.000      39.671       1.078       2.320      36.274       8.847       0.000       0.054       0.177       0.494       0.496       0.000       0.000       0.000      58.091       0.000       0.000       0.000       0.000       0.000       8.847       0.000       0.000       0.000       0.000       0.000       0.000       0.000       0.000       0.123       0.000       0.000       0.000      19.250
   120     4    30  2021       1       1  Comunidad_de_rie      41.580       0.000       0.000       0.000       0.000       0.000       0.000      43.640       2.471       2.316      38.853       0.000       0.000       0.177       0.588       0.476       0.483       0.000       0.000       0.000      63.413       0.000       0.000       0.000       0.000       0.000       0.000       0.000       0.000       0.000       0.000       0.000       0.000       0.000       0.000       0.411       0.000       0.000       0.000      22.747
   151     5    31  2021       1       1  Comunidad_de_rie       7.840       0.000       0.000       0.000       0.000       0.000       0.000       9.903       1.474       0.616       7.812       0.000       0.000       0.588       0.000       0.049       0.039       0.000       0.000       0.000     126.529       0.000       0.000       0.000       0.000       0.000       0.000       0.000       0.000       0.000       0.000       0.000       0.000       0.000       0.000      -0.588       0.000       0.000       0.000       4.761
   181     6    30  2021       1       1  Comunidad_de_rie      16.280       0.000       0.000       0.000       0.000       0.000       0.000      17.550       1.270       0.574      15.707       0.000       0.000       0.000       0.000       0.018       0.018       0.000       0.000       0.000     132.487       0.000       0.000       0.000       0.000       0.000       0.000       0.000       0.000       0.000       0.000       0.000       0.000       0.000       0.000      -0.000       0.000       0.000       0.000       9.844
   212     7    31  2021       1       1  Comunidad_de_rie      43.160       0.000       0.000       9.463       0.000       9.463       0.000      31.804       0.283       0.913      30.607      18.927       0.000       0.000       0.527       0.060       0.068       0.000       0.000       0.000     161.508       0.000       0.000       0.000       0.000       0.000      18.927       0.000       0.000       0.000       0.000       0.000       0.000       0.000       0.000       0.527       0.000       0.000       0.000      18.504
   243     8    31  2021       1       1  Comunidad_de_rie      28.500       0.000       0.000       0.000       0.000       0.000       0.000      21.743       1.117       1.026      19.601       0.000       0.000       0.527       0.328       0.045       0.042       0.000       0.000       0.000     126.688       0.000       0.000       0.000       0.000       0.000       0.000       0.000       0.000       0.000       0.000       0.000       0.000       0.000       0.000      -0.199       0.000       0.000       0.000      12.728
   273     9    30  2021       1       1  Comunidad_de_rie      68.170       0.000       0.000       7.385       0.000       7.385       0.000      67.261       2.050       3.211      61.999      14.770       0.000       0.328       0.952       0.457       0.467       0.000       0.000       0.000      87.911       0.000       0.000       0.000       0.000       0.000      14.770       0.000       0.000       0.000       0.000       0.000       0.000       0.000       0.000       0.624       0.000       0.000       0.000      36.978
   304    10    31  2021       1       1  Comunidad_de_rie      38.600       0.000       0.000       4.628       0.000       4.628       0.000      33.963       1.125       2.515      30.323       9.256       0.000       0.952       0.931       0.509       0.509       0.000       0.000       0.000      55.466       0.000       0.000       0.000       0.000       0.000       9.256       0.000       0.000       0.000       0.000       0.000       0.000       0.000       0.000      -0.021       0.000       0.000       0.000      16.490
   334    11    30  2021       1       1  Comunidad_de_rie     137.351       0.000       0.000      95.653       0.000      95.653       0.000      32.944       1.880       3.008      28.056     191.306       0.000       0.931       0.975       0.599       0.599       0.000       0.000       0.000      40.637       0.000       0.000       0.000       0.000       0.000     191.306       0.000       0.000       0.000       0.000       0.000       0.000       0.000       0.000       0.044       0.000       0.000       0.000      15.443
   365    12    31  2021       1       1  Comunidad_de_rie       4.270       0.000       0.000       0.000       0.000       0.000       0.000      22.305       0.641       1.780      19.883       0.000       0.000       0.975       0.000       0.328       0.312       0.000       0.000       0.000      64.024       0.000       0.000       0.000       0.000       0.000       0.000       0.000       0.000       0.000       0.000       0.000       0.000       0.000       0.000      -0.975       0.000       0.000       0.000      10.249
    31     1    31  2022       1       1  Comunidad_de_rie      39.118       0.000       0.000       0.000       0.000       0.000       0.000      40.038       1.875       2.508      35.654       0.000       0.000       0.000       0.955       0.570       0.585       0.000       0.000       0.000      59.145       0.000       0.000       0.000       0.000       0.000       0.000       0.000       0.000       0.000       0.000       0.000       0.000       0.000       0.000       0.955       0.000       0.000       0.000      16.600
    59     2    28  2022       1       1  Comunidad_de_rie      28.081       0.000       0.000       0.000       0.000       0.000       0.000      28.560       1.226       1.514      25.819       0.000       0.000       0.955       0.215       0.275       0.262       0.000       0.000       0.000      82.466       0.000       0.000       0.000       0.000       0.000       0.000       0.000       0.000       0.000       0.000       0.000       0.000       0.000       0.000      -0.741       0.000       0.000       0.000       9.045
    90     3    31  2022       1       1  Comunidad_de_rie      35.162       0.000       0.000       0.000       0.000       0.000       0.000      37.926       2.310       1.759      33.857       0.000       0.000       0.215       0.424       0.166       0.169       0.000       0.000       0.000      83.841       0.000       0.000       0.000       0.000       0.000       0.000       0.000       0.000       0.000       0.000       0.000       0.000       0.000       0.000       0.210       0.000       0.000       0.000      18.530
   120     4    30  2022       1       1  Comunidad_de_rie      17.977       0.000       0.000       0.000       0.000       0.000       0.000      20.681       1.455       0.983      18.242       0.000       0.000       0.424       0.000       0.055       0.048       0.000       0.000       0.000     143.555       0.000       0.000       0.000       0.000       0.000       0.000       0.000       0.000       0.000       0.000       0.000       0.000       0.000       0.000      -0.424       0.000       0.000       0.000      11.955
   151     5    31  2022       1       1  Comunidad_de_rie      19.599       0.000       0.000       0.000       0.000       0.000       0.000      20.987       1.387       0.678      18.922       0.000       0.000       0.000       0.000       0.018       0.018       0.000       0.000       0.000     177.120       0.000       0.000       0.000       0.000       0.000       0.000       0.000       0.000       0.000       0.000       0.000       0.000       0.000       0.000      -0.000       0.000       0.000       0.000      16.354
   181     6    30  2022       1       1  Comunidad_de_rie      10.482       0.000       0.000       0.000       0.000       0.000       0.000      11.762       1.279       0.240      10.242       0.000       0.000       0.000       0.000       0.003       0.003       0.000       0.000       0.000     187.847       0.000       0.000       0.000       0.000       0.000       0.000       0.000       0.000       0.000       0.000       0.000       0.000       0.000       0.000       0.000       0.000       0.000       0.000       6.636
   212     7    31  2022       1       1  Comunidad_de_rie       1.100       0.000       0.000       0.000       0.000       0.000       0.000       2.200       1.100       0.000       1.100       0.000       0.000       0.000       0.000       0.000       0.000       0.000       0.000       0.000     199.151       0.000       0.000       0.000       0.000       0.000       0.000       0.000       0.000       0.000       0.000       0.000       0.000       0.000       0.000       0.000       0.000       0.000       0.000       1.100
   243     8    31  2022       1       1  Comunidad_de_rie      14.391       0.000       0.000       0.000       0.000       0.000       0.000      15.868       1.477       0.366      14.025       0.000       0.000       0.000       0.000       0.006       0.006       0.000       0.000       0.000     188.413       0.000       0.000       0.000       0.000       0.000       0.000       0.000       0.000       0.000       0.000       0.000       0.000       0.000       0.000       0.000       0.000       0.000       0.000      10.493
   273     9    30  2022       1       1  Comunidad_de_rie      77.547       0.000       0.000      10.348       0.000      10.348       0.000      68.224       1.025       1.839      65.360      20.696       0.000       0.000       0.000       0.237       0.237       0.000       0.000       0.000     144.671       0.000       0.000       0.000       0.000       0.000      20.696       0.000       0.000       0.000       0.000       0.000       0.000       0.000       0.000      -0.000       0.000       0.000       0.000      36.878
   304    10    31  2022       1       1  Comunidad_de_rie     123.956       0.000       0.000      32.123       0.000      32.123       0.000      92.883       1.050       2.944      88.889      64.246       0.000       0.000       0.000       0.439       0.439       0.000       0.000       0.000     133.075       0.000       0.000       0.000       0.000       0.000      64.246       0.000       0.000       0.000       0.000       0.000       0.000       0.000       0.000       0.000       0.000       0.000       0.000      48.970
   334    11    30  2022       1       1  Comunidad_de_rie      85.560       0.000       0.000      13.775       0.000      13.775       0.000      67.510       2.250       5.127      60.133      27.549       0.000       0.000       1.021       0.853       0.870       0.000       0.000       0.000      54.465       0.000       0.000       0.000       0.000       0.000      27.549       0.000       0.000       0.000       0.000       0.000       0.000       0.000       0.000       1.021       0.000       0.000       0.000      32.640
   365    12    31  2022       1       1  Comunidad_de_rie      41.511       0.000       0.000       0.000       0.000       0.000       0.000      35.231       2.300       3.596      29.334       0.000       0.000       1.021       1.758       0.835       0.847       0.000       0.000       0.000      41.604       0.000       0.000       0.000       0.000       0.000       0.000       0.000       0.000       0.000       0.000       0.000       0.000       0.000       0.000       0.737       0.000       0.000       0.000      16.716
