 Comunidad_de_riego_Turia_ SWAT+ Jun 13 2023       MODULAR Rev 2023.60.5.7                                
   jday   mon   day    yr   unit  gis_id  name                    flo_in          geo_bf         flo_out           peakr         sed_in        sed_out         washld          bedld            dep        deg_btm       deg_bank         hc_sed          width          depth          slope        deg_btm       deg_bank         hc_len      flo_in_mm       aqu_in_mm      flo_out_mm        sed_stor 
                                                                   m^3/s           m^3/s           m^3/s           m^3/s           tons           tons           tons           tons           tons           tons           tons           tons              m              m            m/m              m              m              m             mm              mm              mm            tons 
    31     1    31  2016         1     1  Comunidad_de_rieg     0.1614E-04     0.0000E+00     0.1795E-04     0.1616E-04     0.5237E-07     0.1905E-08     0.1905E-08     0.0000E+00     0.1905E-08     0.0000E+00     0.0000E+00     0.0000E+00     0.1925E+01     0.1697E+00     0.7000E-04     0.0000E+00     0.0000E+00     0.0000E+00     0.5045E-05     0.0000E+00     0.5885E-05     0.3072E-04
    60     2    29  2016         1     1  Comunidad_de_rieg     0.4644E-05     0.0000E+00     0.5032E-05     0.4657E-05     0.5217E-07     0.9718E-09     0.9718E-09     0.0000E+00     0.9718E-09     0.0000E+00     0.0000E+00     0.0000E+00     0.1925E+01     0.1697E+00     0.7000E-04     0.0000E+00     0.0000E+00     0.0000E+00     0.1520E-05     0.0000E+00     0.1720E-05     0.2856E-04
    91     3    31  2016         1     1  Comunidad_de_rieg     0.1600E-02     0.0000E+00     0.1827E-02     0.3367E-02     0.5312E-07     0.1178E-07     0.1178E-07     0.0000E+00     0.1178E-07     0.0000E+00     0.0000E+00     0.0000E+00     0.1925E+01     0.1697E+00     0.7000E-04     0.0000E+00     0.0000E+00     0.0000E+00     0.4723E-02     0.0000E+00     0.1445E-01     0.6431E-05
   121     4    30  2016         1     1  Comunidad_de_rieg     0.2537E-02     0.0000E+00     0.2944E-02     0.5736E-02     0.5307E-07     0.1090E-07     0.1090E-07     0.0000E+00     0.1090E-07     0.0000E+00     0.0000E+00     0.0000E+00     0.1925E+01     0.1697E+00     0.7000E-04     0.0000E+00     0.0000E+00     0.0000E+00     0.8863E-02     0.0000E+00     0.3257E-01     0.5306E-06
   152     5    31  2016         1     1  Comunidad_de_rieg     0.1795E-02     0.0000E+00     0.2092E-02     0.4127E-02     0.5269E-07     0.1141E-07     0.1141E-07     0.0000E+00     0.1141E-07     0.0000E+00     0.0000E+00     0.0000E+00     0.1925E+01     0.1697E+00     0.7000E-04     0.0000E+00     0.0000E+00     0.0000E+00     0.6328E-02     0.0000E+00     0.2344E-01     0.4090E-06
   182     6    30  2016         1     1  Comunidad_de_rieg     0.2065E-04     0.0000E+00     0.2065E-04     0.6213E-04     0.5208E-07     0.1070E-07     0.1070E-07     0.0000E+00     0.1070E-07     0.0000E+00     0.0000E+00     0.0000E+00     0.1925E+01     0.1697E+00     0.7000E-04     0.0000E+00     0.0000E+00     0.0000E+00     0.1123E-03     0.0000E+00     0.8466E-03     0.3798E-06
   213     7    31  2016         1     1  Comunidad_de_rieg     0.1174E-04     0.0000E+00     0.1174E-04     0.3433E-04     0.5206E-07     0.1030E-07     0.1030E-07     0.0000E+00     0.1030E-07     0.0000E+00     0.0000E+00     0.0000E+00     0.1925E+01     0.1697E+00     0.7000E-04     0.0000E+00     0.0000E+00     0.0000E+00     0.5729E-04     0.0000E+00     0.4000E-03     0.3851E-06
   244     8    31  2016         1     1  Comunidad_de_rieg     0.1886E+01     0.0000E+00     0.1759E+01     0.3182E+01     0.1976E-02     0.1021E-02     0.7661E-03     0.0000E+00     0.6631E-03     0.0000E+00     0.2554E-03     0.0000E+00     0.1925E+01     0.1697E+00     0.7000E-04     0.0000E+00     0.5928E-03     0.0000E+00     0.4906E+01     0.0000E+00     0.4627E+01     0.3208E-01
   274     9    30  2016         1     1  Comunidad_de_rieg     0.1564E+01     0.0000E+00     0.1382E+01     0.2780E+01     0.1804E-02     0.8484E-03     0.6860E-03     0.0000E+00     0.5948E-03     0.0000E+00     0.1624E-03     0.0000E+00     0.1925E+01     0.1697E+00     0.7000E-04     0.0000E+00     0.4663E-03     0.0000E+00     0.4717E+01     0.0000E+00     0.4351E+01     0.2804E-01
   305    10    31  2016         1     1  Comunidad_de_rieg     0.2404E+00     0.0000E+00     0.3070E+00     0.2692E+00     0.7980E-04     0.2350E-04     0.2350E-04     0.0000E+00     0.2350E-04     0.0000E+00     0.0000E+00     0.0000E+00     0.1925E+01     0.1697E+00     0.7000E-04     0.0000E+00     0.0000E+00     0.0000E+00     0.1348E+00     0.0000E+00     0.2495E+00     0.9283E-02
   335    11    30  2016         1     1  Comunidad_de_rieg     0.1590E+02     0.0000E+00     0.1542E+02     0.2548E+02     0.5569E-02     0.5789E-02     0.2784E-02     0.0000E+00     0.2242E-02     0.2695E-04     0.2978E-02     0.0000E+00     0.1925E+01     0.1697E+00     0.7000E-04     0.5597E-04     0.5593E-02     0.0000E+00     0.3807E+02     0.0000E+00     0.3570E+02     0.2173E-01
   366    12    31  2016         1     1  Comunidad_de_rieg     0.4630E+02     0.0000E+00     0.4656E+02     0.7107E+02     0.1647E-01     0.1661E-01     0.8236E-02     0.0000E+00     0.6683E-02     0.8533E-04     0.8286E-02     0.0000E+00     0.1925E+01     0.1697E+00     0.7000E-04     0.1755E-03     0.1534E-01     0.0000E+00     0.9539E+02     0.0000E+00     0.9697E+02     0.9135E-01
    31     1    31  2017         1     1  Comunidad_de_rieg     0.6418E+02     0.0000E+00     0.6382E+02     0.9990E+02     0.2178E-01     0.2459E-01     0.1089E-01     0.0000E+00     0.9514E-02     0.1439E-03     0.1356E-01     0.0000E+00     0.1925E+01     0.1697E+00     0.7000E-04     0.3160E-03     0.1859E-01     0.0000E+00     0.1375E+03     0.0000E+00     0.1361E+03     0.5974E-01
    59     2    28  2017         1     1  Comunidad_de_rieg     0.9246E+00     0.0000E+00     0.1133E+01     0.1054E+01     0.2279E-03     0.1461E-03     0.1139E-03     0.0000E+00     0.1037E-03     0.0000E+00     0.3220E-04     0.0000E+00     0.1925E+01     0.1697E+00     0.7000E-04     0.0000E+00     0.5011E-04     0.0000E+00     0.6372E+00     0.0000E+00     0.1374E+01     0.2822E-01
    90     3    31  2017         1     1  Comunidad_de_rieg     0.2153E+02     0.0000E+00     0.2128E+02     0.3380E+02     0.7293E-02     0.7464E-02     0.3647E-02     0.0000E+00     0.2975E-02     0.3801E-04     0.3780E-02     0.0000E+00     0.1925E+01     0.1697E+00     0.7000E-04     0.7971E-04     0.7014E-02     0.0000E+00     0.4711E+02     0.0000E+00     0.4642E+02     0.5247E-01
   120     4    30  2017         1     1  Comunidad_de_rieg     0.1776E+01     0.0000E+00     0.1615E+01     0.3128E+01     0.1265E-02     0.9069E-03     0.5561E-03     0.0000E+00     0.4677E-03     0.0000E+00     0.3509E-03     0.0000E+00     0.1925E+01     0.1697E+00     0.7000E-04     0.0000E+00     0.7462E-03     0.0000E+00     0.5264E+01     0.0000E+00     0.4811E+01     0.1685E-01
   151     5    31  2017         1     1  Comunidad_de_rieg     0.4344E+00     0.0000E+00     0.5411E+00     0.4811E+00     0.1519E-03     0.4209E-04     0.4188E-04     0.0000E+00     0.4184E-04     0.0000E+00     0.2039E-06     0.0000E+00     0.1925E+01     0.1697E+00     0.7000E-04     0.0000E+00     0.1017E-06     0.0000E+00     0.2360E+00     0.0000E+00     0.4103E+00     0.1139E-01
   181     6    30  2017         1     1  Comunidad_de_rieg     0.1259E-02     0.0000E+00     0.1456E-02     0.2691E-02     0.5616E-07     0.1238E-07     0.1238E-07     0.0000E+00     0.1238E-07     0.0000E+00     0.0000E+00     0.0000E+00     0.1925E+01     0.1697E+00     0.7000E-04     0.0000E+00     0.0000E+00     0.0000E+00     0.3913E-02     0.0000E+00     0.1300E-01     0.1335E-05
   212     7    31  2017         1     1  Comunidad_de_rieg     0.8440E-05     0.0000E+00     0.8440E-05     0.2088E-04     0.5206E-07     0.9106E-08     0.9106E-08     0.0000E+00     0.9106E-08     0.0000E+00     0.0000E+00     0.0000E+00     0.1925E+01     0.1697E+00     0.7000E-04     0.0000E+00     0.0000E+00     0.0000E+00     0.3339E-04     0.0000E+00     0.2457E-03     0.4333E-06
   243     8    31  2017         1     1  Comunidad_de_rieg     0.1078E-02     0.0000E+00     0.1191E-02     0.2411E-02     0.5232E-07     0.9777E-08     0.9777E-08     0.0000E+00     0.9777E-08     0.0000E+00     0.0000E+00     0.0000E+00     0.1925E+01     0.1697E+00     0.7000E-04     0.0000E+00     0.0000E+00     0.0000E+00     0.3587E-02     0.0000E+00     0.1217E-01     0.4216E-06
   273     9    30  2017         1     1  Comunidad_de_rieg     0.1932E+01     0.0000E+00     0.1823E+01     0.3231E+01     0.4810E-03     0.5054E-03     0.2405E-03     0.0000E+00     0.2002E-03     0.0000E+00     0.2649E-03     0.0000E+00     0.1925E+01     0.1697E+00     0.7000E-04     0.0000E+00     0.6127E-03     0.0000E+00     0.5089E+01     0.0000E+00     0.4837E+01     0.1223E-01
   304    10    31  2017         1     1  Comunidad_de_rieg     0.7088E-02     0.0000E+00     0.1025E-01     0.1047E-01     0.1448E-06     0.5775E-07     0.5775E-07     0.0000E+00     0.5775E-07     0.0000E+00     0.0000E+00     0.0000E+00     0.1925E+01     0.1697E+00     0.7000E-04     0.0000E+00     0.0000E+00     0.0000E+00     0.1059E-01     0.0000E+00     0.3574E-01     0.3030E-03
   334    11    30  2017         1     1  Comunidad_de_rieg     0.6814E-04     0.0000E+00     0.6916E-04     0.1754E-03     0.5212E-07     0.9004E-08     0.9004E-08     0.0000E+00     0.9004E-08     0.0000E+00     0.0000E+00     0.0000E+00     0.1925E+01     0.1697E+00     0.7000E-04     0.0000E+00     0.0000E+00     0.0000E+00     0.3163E-03     0.0000E+00     0.2281E-02     0.3984E-06
   365    12    31  2017         1     1  Comunidad_de_rieg     0.1318E-02     0.0000E+00     0.1506E-02     0.3018E-02     0.5261E-07     0.1460E-07     0.1460E-07     0.0000E+00     0.1460E-07     0.0000E+00     0.0000E+00     0.0000E+00     0.1925E+01     0.1697E+00     0.7000E-04     0.0000E+00     0.0000E+00     0.0000E+00     0.4610E-02     0.0000E+00     0.1746E-01     0.3382E-06
    31     1    31  2018         1     1  Comunidad_de_rieg     0.2191E-02     0.0000E+00     0.2522E-02     0.5173E-02     0.5278E-07     0.1379E-07     0.1379E-07     0.0000E+00     0.1379E-07     0.0000E+00     0.0000E+00     0.0000E+00     0.1925E+01     0.1697E+00     0.7000E-04     0.0000E+00     0.0000E+00     0.0000E+00     0.8112E-02     0.0000E+00     0.3101E-01     0.4554E-06
    59     2    28  2018         1     1  Comunidad_de_rieg     0.1099E+02     0.0000E+00     0.1059E+02     0.1790E+02     0.4605E-02     0.4621E-02     0.2287E-02     0.0000E+00     0.1810E-02     0.9963E-05     0.2324E-02     0.0000E+00     0.1925E+01     0.1697E+00     0.7000E-04     0.2044E-04     0.4391E-02     0.0000E+00     0.2916E+02     0.0000E+00     0.2792E+02     0.4432E-01
    90     3    31  2018         1     1  Comunidad_de_rieg     0.6454E+00     0.0000E+00     0.7979E+00     0.7127E+00     0.1211E-03     0.3515E-04     0.3323E-04     0.0000E+00     0.3173E-04     0.0000E+00     0.1927E-05     0.0000E+00     0.1925E+01     0.1697E+00     0.7000E-04     0.0000E+00     0.7830E-06     0.0000E+00     0.3512E+00     0.0000E+00     0.6046E+00     0.8993E-02
   120     4    30  2018         1     1  Comunidad_de_rieg     0.5762E-03     0.0000E+00     0.7021E-03     0.1326E-02     0.5539E-07     0.1060E-07     0.1060E-07     0.0000E+00     0.1060E-07     0.0000E+00     0.0000E+00     0.0000E+00     0.1925E+01     0.1697E+00     0.7000E-04     0.0000E+00     0.0000E+00     0.0000E+00     0.2119E-02     0.0000E+00     0.7522E-02     0.5397E-04
   151     5    31  2018         1     1  Comunidad_de_rieg     0.6913E-07     0.0000E+00     0.6913E-07     0.2194E-06     0.5205E-07     0.2711E-08     0.2711E-08     0.0000E+00     0.2711E-08     0.0000E+00     0.0000E+00     0.0000E+00     0.1925E+01     0.1697E+00     0.7000E-04     0.0000E+00     0.0000E+00     0.0000E+00     0.2222E-06     0.0000E+00     0.1233E-05     0.4862E-06
   181     6    30  2018         1     1  Comunidad_de_rieg     0.6396E+02     0.0000E+00     0.6373E+02     0.9928E+02     0.1984E-01     0.2376E-01     0.9919E-02     0.0000E+00     0.9105E-02     0.1721E-03     0.1366E-01     0.0000E+00     0.1925E+01     0.1697E+00     0.7000E-04     0.3966E-03     0.1500E-01     0.0000E+00     0.1405E+03     0.0000E+00     0.1397E+03     0.5735E-01
   212     7    31  2018         1     1  Comunidad_de_rieg     0.4084E-01     0.0000E+00     0.5871E-01     0.4094E-01     0.2048E-05     0.1005E-05     0.1005E-05     0.0000E+00     0.1005E-05     0.0000E+00     0.0000E+00     0.0000E+00     0.1925E+01     0.1697E+00     0.7000E-04     0.0000E+00     0.0000E+00     0.0000E+00     0.1310E-01     0.0000E+00     0.1986E-01     0.2474E-02
   243     8    31  2018         1     1  Comunidad_de_rieg     0.2228E-02     0.0000E+00     0.3440E-02     0.2236E-02     0.1372E-06     0.4544E-07     0.4544E-07     0.0000E+00     0.4544E-07     0.0000E+00     0.0000E+00     0.0000E+00     0.1925E+01     0.1697E+00     0.7000E-04     0.0000E+00     0.0000E+00     0.0000E+00     0.7647E-03     0.0000E+00     0.1237E-02     0.8671E-03
   273     9    30  2018         1     1  Comunidad_de_rieg     0.5808E-02     0.0000E+00     0.6724E-02     0.1324E-01     0.5421E-07     0.1266E-07     0.1266E-07     0.0000E+00     0.1266E-07     0.0000E+00     0.0000E+00     0.0000E+00     0.1925E+01     0.1697E+00     0.7000E-04     0.0000E+00     0.0000E+00     0.0000E+00     0.2067E-01     0.0000E+00     0.7406E-01     0.6787E-05
   304    10    31  2018         1     1  Comunidad_de_rieg     0.1125E+03     0.0000E+00     0.1121E+03     0.1745E+03     0.1646E-01     0.1770E-01     0.8232E-02     0.0000E+00     0.6917E-02     0.1025E-03     0.9366E-02     0.0000E+00     0.1925E+01     0.1697E+00     0.7000E-04     0.2240E-03     0.1374E-01     0.0000E+00     0.2388E+03     0.0000E+00     0.2376E+03     0.5632E-01
   334    11    30  2018         1     1  Comunidad_de_rieg     0.1993E+03     0.0000E+00     0.1992E+03     0.3080E+03     0.1794E-01     0.1916E-01     0.8971E-02     0.0000E+00     0.7667E-02     0.1293E-03     0.1006E-01     0.0000E+00     0.1925E+01     0.1697E+00     0.7000E-04     0.2819E-03     0.1584E-01     0.0000E+00     0.4327E+03     0.0000E+00     0.4321E+03     0.7178E-01
   365    12    31  2018         1     1  Comunidad_de_rieg     0.6663E+00     0.0000E+00     0.8347E+00     0.7429E+00     0.1208E-03     0.8431E-04     0.6036E-04     0.0000E+00     0.5571E-04     0.0000E+00     0.2395E-04     0.0000E+00     0.1925E+01     0.1697E+00     0.7000E-04     0.0000E+00     0.4363E-04     0.0000E+00     0.3781E+00     0.0000E+00     0.8886E+00     0.1787E-01
    31     1    31  2019         1     1  Comunidad_de_rieg     0.6429E-02     0.0000E+00     0.1041E-01     0.7815E-02     0.6310E-06     0.2925E-06     0.2925E-06     0.0000E+00     0.2925E-06     0.0000E+00     0.0000E+00     0.0000E+00     0.1925E+01     0.1697E+00     0.7000E-04     0.0000E+00     0.0000E+00     0.0000E+00     0.4686E-02     0.0000E+00     0.7623E-02     0.2226E-03
    59     2    28  2019         1     1  Comunidad_de_rieg     0.1522E-04     0.0000E+00     0.1674E-04     0.2179E-04     0.5453E-07     0.2120E-08     0.2120E-08     0.0000E+00     0.2120E-08     0.0000E+00     0.0000E+00     0.0000E+00     0.1925E+01     0.1697E+00     0.7000E-04     0.0000E+00     0.0000E+00     0.0000E+00     0.1884E-04     0.0000E+00     0.2285E-04     0.4959E-05
    90     3    31  2019         1     1  Comunidad_de_rieg     0.4845E-04     0.0000E+00     0.6724E-04     0.7374E-04     0.5785E-07     0.4001E-08     0.4001E-08     0.0000E+00     0.4001E-08     0.0000E+00     0.0000E+00     0.0000E+00     0.1925E+01     0.1697E+00     0.7000E-04     0.0000E+00     0.0000E+00     0.0000E+00     0.7399E-04     0.0000E+00     0.1407E-03     0.7972E-06
   120     4    30  2019         1     1  Comunidad_de_rieg     0.8172E+02     0.0000E+00     0.8124E+02     0.1272E+03     0.2766E-01     0.2837E-01     0.1380E-01     0.0000E+00     0.1230E-01     0.2111E-03     0.1436E-01     0.0000E+00     0.1925E+01     0.1697E+00     0.7000E-04     0.4806E-03     0.1758E-01     0.0000E+00     0.1809E+03     0.0000E+00     0.1793E+03     0.7008E-01
   151     5    31  2019         1     1  Comunidad_de_rieg     0.9259E+00     0.0000E+00     0.1144E+01     0.1056E+01     0.3738E-03     0.1493E-03     0.1180E-03     0.0000E+00     0.1053E-03     0.0000E+00     0.3130E-04     0.0000E+00     0.1925E+01     0.1697E+00     0.7000E-04     0.0000E+00     0.4582E-04     0.0000E+00     0.5731E+00     0.0000E+00     0.1225E+01     0.2339E-01
   181     6    30  2019         1     1  Comunidad_de_rieg     0.1497E-01     0.0000E+00     0.2221E-01     0.1498E-01     0.7336E-06     0.3413E-06     0.3413E-06     0.0000E+00     0.3413E-06     0.0000E+00     0.0000E+00     0.0000E+00     0.1925E+01     0.1697E+00     0.7000E-04     0.0000E+00     0.0000E+00     0.0000E+00     0.4878E-02     0.0000E+00     0.7673E-02     0.1938E-02
   212     7    31  2019         1     1  Comunidad_de_rieg     0.2934E-03     0.0000E+00     0.5173E-03     0.2934E-03     0.6084E-07     0.5216E-08     0.5216E-08     0.0000E+00     0.5216E-08     0.0000E+00     0.0000E+00     0.0000E+00     0.1925E+01     0.1697E+00     0.7000E-04     0.0000E+00     0.0000E+00     0.0000E+00     0.8919E-04     0.0000E+00     0.1604E-03     0.1149E-03
   243     8    31  2019         1     1  Comunidad_de_rieg     0.8015E-03     0.0000E+00     0.1524E-02     0.8015E-03     0.7078E-07     0.9939E-08     0.9939E-08     0.0000E+00     0.9939E-08     0.0000E+00     0.0000E+00     0.0000E+00     0.1925E+01     0.1697E+00     0.7000E-04     0.0000E+00     0.0000E+00     0.0000E+00     0.2414E-03     0.0000E+00     0.4690E-03     0.5487E-05
   273     9    30  2019         1     1  Comunidad_de_rieg     0.5884E+02     0.0000E+00     0.5855E+02     0.9147E+02     0.4248E-01     0.3011E-01     0.2064E-01     0.0000E+00     0.1815E-01     0.1444E-03     0.9327E-02     0.0000E+00     0.1925E+01     0.1697E+00     0.7000E-04     0.3247E-03     0.1382E-01     0.0000E+00     0.1297E+03     0.0000E+00     0.1289E+03     0.1492E+00
   304    10    31  2019         1     1  Comunidad_de_rieg     0.2223E+01     0.0000E+00     0.2152E+01     0.3645E+01     0.3082E-02     0.1572E-02     0.1188E-02     0.0000E+00     0.1016E-02     0.0000E+00     0.3847E-03     0.0000E+00     0.1925E+01     0.1697E+00     0.7000E-04     0.0000E+00     0.8802E-03     0.0000E+00     0.5426E+01     0.0000E+00     0.5135E+01     0.4680E-01
   334    11    30  2019         1     1  Comunidad_de_rieg     0.2378E+00     0.0000E+00     0.3142E+00     0.2524E+00     0.7206E-04     0.1988E-04     0.1988E-04     0.0000E+00     0.1988E-04     0.0000E+00     0.0000E+00     0.0000E+00     0.1925E+01     0.1697E+00     0.7000E-04     0.0000E+00     0.0000E+00     0.0000E+00     0.1078E+00     0.0000E+00     0.1553E+00     0.1081E-01
   365    12    31  2019         1     1  Comunidad_de_rieg     0.7587E+02     0.0000E+00     0.7567E+02     0.1176E+03     0.2222E-01     0.2549E-01     0.1110E-01     0.0000E+00     0.1002E-01     0.1939E-03     0.1420E-01     0.0000E+00     0.1925E+01     0.1697E+00     0.7000E-04     0.4439E-03     0.1659E-01     0.0000E+00     0.1608E+03     0.0000E+00     0.1601E+03     0.6929E-01
    31     1    31  2020         1     1  Comunidad_de_rieg     0.2296E+03     0.0000E+00     0.2292E+03     0.3552E+03     0.1849E-01     0.1883E-01     0.9245E-02     0.0000E+00     0.8199E-02     0.1636E-03     0.9420E-02     0.0000E+00     0.1925E+01     0.1697E+00     0.7000E-04     0.3732E-03     0.1356E-01     0.0000E+00     0.4840E+03     0.0000E+00     0.4826E+03     0.4615E-01
    60     2    29  2020         1     1  Comunidad_de_rieg     0.9380E+00     0.0000E+00     0.1157E+01     0.1071E+01     0.2256E-03     0.1406E-03     0.1071E-03     0.0000E+00     0.9579E-04     0.0000E+00     0.3349E-04     0.0000E+00     0.1925E+01     0.1697E+00     0.7000E-04     0.0000E+00     0.4900E-04     0.0000E+00     0.6222E+00     0.0000E+00     0.1332E+01     0.2416E-01
    91     3    31  2020         1     1  Comunidad_de_rieg     0.1077E+02     0.0000E+00     0.1047E+02     0.1731E+02     0.4662E-02     0.4781E-02     0.2331E-02     0.0000E+00     0.1863E-02     0.1337E-04     0.2437E-02     0.0000E+00     0.1925E+01     0.1697E+00     0.7000E-04     0.2743E-04     0.4070E-02     0.0000E+00     0.2495E+02     0.0000E+00     0.2427E+02     0.3393E-01
   121     4    30  2020         1     1  Comunidad_de_rieg     0.4099E+00     0.0000E+00     0.5289E+00     0.4450E+00     0.4706E-04     0.2374E-04     0.2352E-04     0.0000E+00     0.2332E-04     0.0000E+00     0.2256E-06     0.0000E+00     0.1925E+01     0.1697E+00     0.7000E-04     0.0000E+00     0.1107E-06     0.0000E+00     0.2098E+00     0.0000E+00     0.3423E+00     0.9608E-02
   152     5    31  2020         1     1  Comunidad_de_rieg     0.8693E+01     0.0000E+00     0.8474E+01     0.1392E+02     0.7078E-02     0.5212E-02     0.3250E-02     0.0000E+00     0.2629E-02     0.9775E-05     0.1953E-02     0.0000E+00     0.1925E+01     0.1697E+00     0.7000E-04     0.2006E-04     0.3274E-02     0.0000E+00     0.1998E+02     0.0000E+00     0.1938E+02     0.5781E-01
   182     6    30  2020         1     1  Comunidad_de_rieg     0.1018E+00     0.0000E+00     0.1432E+00     0.1102E+00     0.1227E-04     0.4318E-05     0.4102E-05     0.0000E+00     0.3885E-05     0.0000E+00     0.2164E-06     0.0000E+00     0.1925E+01     0.1697E+00     0.7000E-04     0.0000E+00     0.1074E-06     0.0000E+00     0.5191E-01     0.0000E+00     0.1007E+00     0.3176E-02
   213     7    31  2020         1     1  Comunidad_de_rieg     0.1084E-02     0.0000E+00     0.1238E-02     0.2608E-02     0.5262E-07     0.1045E-07     0.1045E-07     0.0000E+00     0.1045E-07     0.0000E+00     0.0000E+00     0.0000E+00     0.1925E+01     0.1697E+00     0.7000E-04     0.0000E+00     0.0000E+00     0.0000E+00     0.4116E-02     0.0000E+00     0.1691E-01     0.6629E-06
   244     8    31  2020         1     1  Comunidad_de_rieg     0.1965E-02     0.0000E+00     0.2221E-02     0.4353E-02     0.5252E-07     0.1062E-07     0.1062E-07     0.0000E+00     0.1062E-07     0.0000E+00     0.0000E+00     0.0000E+00     0.1925E+01     0.1697E+00     0.7000E-04     0.0000E+00     0.0000E+00     0.0000E+00     0.6513E-02     0.0000E+00     0.2423E-01     0.3819E-06
   274     9    30  2020         1     1  Comunidad_de_rieg     0.1258E-05     0.0000E+00     0.1258E-05     0.2938E-05     0.5205E-07     0.4113E-08     0.4113E-08     0.0000E+00     0.4113E-08     0.0000E+00     0.0000E+00     0.0000E+00     0.1925E+01     0.1697E+00     0.7000E-04     0.0000E+00     0.0000E+00     0.0000E+00     0.4258E-05     0.0000E+00     0.2611E-04     0.4242E-06
   305    10    31  2020         1     1  Comunidad_de_rieg     0.3119E-03     0.0000E+00     0.3331E-03     0.7423E-03     0.5221E-07     0.1332E-07     0.1332E-07     0.0000E+00     0.1332E-07     0.0000E+00     0.0000E+00     0.0000E+00     0.1925E+01     0.1697E+00     0.7000E-04     0.0000E+00     0.0000E+00     0.0000E+00     0.1159E-02     0.0000E+00     0.6285E-02     0.3817E-06
   335    11    30  2020         1     1  Comunidad_de_rieg     0.2758E+03     0.0000E+00     0.2752E+03     0.4271E+03     0.1876E-01     0.1924E-01     0.9380E-02     0.0000E+00     0.7738E-02     0.1333E-03     0.9725E-02     0.0000E+00     0.1925E+01     0.1697E+00     0.7000E-04     0.2873E-03     0.1737E-01     0.0000E+00     0.6021E+03     0.0000E+00     0.5992E+03     0.7781E-01
   366    12    31  2020         1     1  Comunidad_de_rieg     0.7338E+01     0.0000E+00     0.7612E+01     0.1092E+02     0.3097E-02     0.3028E-02     0.1548E-02     0.0000E+00     0.1272E-02     0.1027E-04     0.1469E-02     0.0000E+00     0.1925E+01     0.1697E+00     0.7000E-04     0.2107E-04     0.2345E-02     0.0000E+00     0.1373E+02     0.0000E+00     0.1526E+02     0.4354E-01
    31     1    31  2021         1     1  Comunidad_de_rieg     0.3677E+02     0.0000E+00     0.3658E+02     0.5729E+02     0.1206E-01     0.1228E-01     0.6030E-02     0.0000E+00     0.4929E-02     0.6987E-04     0.6176E-02     0.0000E+00     0.1925E+01     0.1697E+00     0.7000E-04     0.1469E-03     0.1073E-01     0.0000E+00     0.7890E+02     0.0000E+00     0.7820E+02     0.6841E-01
    59     2    28  2021         1     1  Comunidad_de_rieg     0.7971E-01     0.0000E+00     0.1137E+00     0.8300E-01     0.7630E-05     0.3793E-05     0.3793E-05     0.0000E+00     0.3793E-05     0.0000E+00     0.0000E+00     0.0000E+00     0.1925E+01     0.1697E+00     0.7000E-04     0.0000E+00     0.0000E+00     0.0000E+00     0.3455E-01     0.0000E+00     0.5136E-01     0.3405E-02
    90     3    31  2021         1     1  Comunidad_de_rieg     0.4213E+01     0.0000E+00     0.3998E+01     0.6957E+01     0.2067E-02     0.1612E-02     0.9411E-03     0.0000E+00     0.7548E-03     0.2151E-05     0.6683E-03     0.0000E+00     0.1925E+01     0.1697E+00     0.7000E-04     0.4414E-05     0.1351E-02     0.0000E+00     0.1043E+02     0.0000E+00     0.9956E+01     0.2528E-01
   120     4    30  2021         1     1  Comunidad_de_rieg     0.1457E+00     0.0000E+00     0.1949E+00     0.1612E+00     0.1370E-04     0.5488E-05     0.5258E-05     0.0000E+00     0.5203E-05     0.0000E+00     0.2300E-06     0.0000E+00     0.1925E+01     0.1697E+00     0.7000E-04     0.0000E+00     0.1122E-06     0.0000E+00     0.7998E-01     0.0000E+00     0.1394E+00     0.3178E-02
   151     5    31  2021         1     1  Comunidad_de_rieg     0.3833E-04     0.0000E+00     0.3874E-04     0.1244E-03     0.5230E-07     0.6085E-08     0.6085E-08     0.0000E+00     0.6085E-08     0.0000E+00     0.0000E+00     0.0000E+00     0.1925E+01     0.1697E+00     0.7000E-04     0.0000E+00     0.0000E+00     0.0000E+00     0.2399E-03     0.0000E+00     0.2000E-02     0.6187E-06
   181     6    30  2021         1     1  Comunidad_de_rieg     0.1225E-02     0.0000E+00     0.1430E-02     0.2675E-02     0.5234E-07     0.7960E-08     0.7960E-08     0.0000E+00     0.7960E-08     0.0000E+00     0.0000E+00     0.0000E+00     0.1925E+01     0.1697E+00     0.7000E-04     0.0000E+00     0.0000E+00     0.0000E+00     0.4054E-02     0.0000E+00     0.1465E-01     0.5191E-06
   212     7    31  2021         1     1  Comunidad_de_rieg     0.9491E+01     0.0000E+00     0.9140E+01     0.1539E+02     0.1069E-01     0.6975E-02     0.4920E-02     0.0000E+00     0.4071E-02     0.1308E-04     0.2041E-02     0.0000E+00     0.1925E+01     0.1697E+00     0.7000E-04     0.2684E-04     0.3620E-02     0.0000E+00     0.2253E+02     0.0000E+00     0.2157E+02     0.6068E-01
   243     8    31  2021         1     1  Comunidad_de_rieg     0.6329E+00     0.0000E+00     0.7985E+00     0.7000E+00     0.6794E-03     0.1212E-03     0.1181E-03     0.0000E+00     0.1150E-03     0.0000E+00     0.3118E-05     0.0000E+00     0.1925E+01     0.1697E+00     0.7000E-04     0.0000E+00     0.9891E-06     0.0000E+00     0.3458E+00     0.0000E+00     0.7226E+00     0.2425E-01
   273     9    30  2021         1     1  Comunidad_de_rieg     0.7086E+01     0.0000E+00     0.6780E+01     0.1163E+02     0.2955E-02     0.3054E-02     0.1478E-02     0.0000E+00     0.1134E-02     0.3134E-05     0.1574E-02     0.0000E+00     0.1925E+01     0.1697E+00     0.7000E-04     0.6430E-05     0.2778E-02     0.0000E+00     0.1794E+02     0.0000E+00     0.1702E+02     0.3792E-01
   304    10    31  2021         1     1  Comunidad_de_rieg     0.4775E+01     0.0000E+00     0.4665E+01     0.7668E+01     0.1922E-02     0.1962E-02     0.9610E-03     0.0000E+00     0.7375E-03     0.2192E-05     0.9986E-03     0.0000E+00     0.1925E+01     0.1697E+00     0.7000E-04     0.4497E-05     0.1697E-02     0.0000E+00     0.1108E+02     0.0000E+00     0.1075E+02     0.2854E-01
   334    11    30  2021         1     1  Comunidad_de_rieg     0.1119E+03     0.0000E+00     0.1116E+03     0.1733E+03     0.1304E-01     0.1333E-01     0.6518E-02     0.0000E+00     0.5466E-02     0.1026E-03     0.6709E-02     0.0000E+00     0.1925E+01     0.1697E+00     0.7000E-04     0.2220E-03     0.1189E-01     0.0000E+00     0.2445E+03     0.0000E+00     0.2433E+03     0.5261E-01
   365    12    31  2021         1     1  Comunidad_de_rieg     0.7780E+00     0.0000E+00     0.9696E+00     0.8765E+00     0.1609E-03     0.1075E-03     0.8044E-04     0.0000E+00     0.7333E-04     0.0000E+00     0.2705E-04     0.0000E+00     0.1925E+01     0.1697E+00     0.7000E-04     0.0000E+00     0.4441E-04     0.0000E+00     0.4557E+00     0.0000E+00     0.9902E+00     0.2221E-01
    31     1    31  2022         1     1  Comunidad_de_rieg     0.4360E-02     0.0000E+00     0.5850E-02     0.8671E-02     0.8669E-07     0.2981E-07     0.2981E-07     0.0000E+00     0.2981E-07     0.0000E+00     0.0000E+00     0.0000E+00     0.1925E+01     0.1697E+00     0.7000E-04     0.0000E+00     0.0000E+00     0.0000E+00     0.1190E-01     0.0000E+00     0.4122E-01     0.6864E-03
    59     2    28  2022         1     1  Comunidad_de_rieg     0.2679E-02     0.0000E+00     0.3038E-02     0.5653E-02     0.5561E-07     0.1709E-07     0.1709E-07     0.0000E+00     0.1709E-07     0.0000E+00     0.0000E+00     0.0000E+00     0.1925E+01     0.1697E+00     0.7000E-04     0.0000E+00     0.0000E+00     0.0000E+00     0.8695E-02     0.0000E+00     0.3039E-01     0.2059E-05
    90     3    31  2022         1     1  Comunidad_de_rieg     0.6821E-03     0.0000E+00     0.7912E-03     0.1477E-02     0.5337E-07     0.1557E-07     0.1557E-07     0.0000E+00     0.1557E-07     0.0000E+00     0.0000E+00     0.0000E+00     0.1925E+01     0.1697E+00     0.7000E-04     0.0000E+00     0.0000E+00     0.0000E+00     0.2151E-02     0.0000E+00     0.8191E-02     0.1193E-05
   120     4    30  2022         1     1  Comunidad_de_rieg     0.3305E-03     0.0000E+00     0.3778E-03     0.8106E-03     0.5247E-07     0.1388E-07     0.1388E-07     0.0000E+00     0.1388E-07     0.0000E+00     0.0000E+00     0.0000E+00     0.1925E+01     0.1697E+00     0.7000E-04     0.0000E+00     0.0000E+00     0.0000E+00     0.1342E-02     0.0000E+00     0.6515E-02     0.5883E-06
   151     5    31  2022         1     1  Comunidad_de_rieg     0.3764E-03     0.0000E+00     0.4254E-03     0.9015E-03     0.5237E-07     0.1438E-07     0.1438E-07     0.0000E+00     0.1438E-07     0.0000E+00     0.0000E+00     0.0000E+00     0.1925E+01     0.1697E+00     0.7000E-04     0.0000E+00     0.0000E+00     0.0000E+00     0.1433E-02     0.0000E+00     0.6390E-02     0.4809E-06
   181     6    30  2022         1     1  Comunidad_de_rieg     0.9329E-03     0.0000E+00     0.1075E-02     0.2221E-02     0.5231E-07     0.1068E-07     0.1068E-07     0.0000E+00     0.1068E-07     0.0000E+00     0.0000E+00     0.0000E+00     0.1925E+01     0.1697E+00     0.7000E-04     0.0000E+00     0.0000E+00     0.0000E+00     0.3591E-02     0.0000E+00     0.1414E-01     0.3517E-06
   212     7    31  2022         1     1  Comunidad_de_rieg     0.1362E-05     0.0000E+00     0.1362E-05     0.4248E-05     0.5205E-07     0.3542E-08     0.3542E-08     0.0000E+00     0.3542E-08     0.0000E+00     0.0000E+00     0.0000E+00     0.1925E+01     0.1697E+00     0.7000E-04     0.0000E+00     0.0000E+00     0.0000E+00     0.6927E-05     0.0000E+00     0.4805E-04     0.4077E-06
   243     8    31  2022         1     1  Comunidad_de_rieg     0.8548E-03     0.0000E+00     0.9769E-03     0.1926E-02     0.5240E-07     0.9372E-08     0.9372E-08     0.0000E+00     0.9372E-08     0.0000E+00     0.0000E+00     0.0000E+00     0.1925E+01     0.1697E+00     0.7000E-04     0.0000E+00     0.0000E+00     0.0000E+00     0.2831E-02     0.0000E+00     0.1014E-01     0.3790E-06
   273     9    30  2022         1     1  Comunidad_de_rieg     0.1082E+02     0.0000E+00     0.1053E+02     0.1735E+02     0.1472E-01     0.8881E-02     0.6532E-02     0.0000E+00     0.5519E-02     0.1619E-04     0.2332E-02     0.0000E+00     0.1925E+01     0.1697E+00     0.7000E-04     0.3328E-04     0.3879E-02     0.0000E+00     0.2576E+02     0.0000E+00     0.2511E+02     0.9016E-01
   304    10    31  2022         1     1  Comunidad_de_rieg     0.3729E+02     0.0000E+00     0.3719E+02     0.5789E+02     0.4024E-01     0.2442E-01     0.1892E-01     0.0000E+00     0.1647E-01     0.7759E-04     0.5424E-02     0.0000E+00     0.1925E+01     0.1697E+00     0.7000E-04     0.1676E-03     0.9607E-02     0.0000E+00     0.7930E+02     0.0000E+00     0.7871E+02     0.1912E+00
   334    11    30  2022         1     1  Comunidad_de_rieg     0.1511E+02     0.0000E+00     0.1491E+02     0.2384E+02     0.6182E-02     0.6242E-02     0.3067E-02     0.0000E+00     0.2502E-02     0.2111E-04     0.3154E-02     0.0000E+00     0.1925E+01     0.1697E+00     0.7000E-04     0.4330E-04     0.5254E-02     0.0000E+00     0.3461E+02     0.0000E+00     0.3375E+02     0.5417E-01
   365    12    31  2022         1     1  Comunidad_de_rieg     0.5938E+00     0.0000E+00     0.7481E+00     0.6532E+00     0.9651E-04     0.6718E-04     0.4824E-04     0.0000E+00     0.4656E-04     0.0000E+00     0.1894E-04     0.0000E+00     0.1925E+01     0.1697E+00     0.7000E-04     0.0000E+00     0.4075E-04     0.0000E+00     0.3183E+00     0.0000E+00     0.6959E+00     0.1751E-01
