 Comunidad_de_riego_Turia_ SWAT+ Jun 13 2023       MODULAR Rev 2023.60.5.7                                
   jday   mon   day    yr   unit  gis_id  name                     lai       bioms       yield     residue     sol_tmp       strsw       strsa     strstmp       strsn       strsp        nplt       percn       pplnt         tmx         tmn       tmpav     solarad      wndspd        rhum     phubas0     lai_max      bm_max     bm_grow       c_gro
                                                             m**2/m**2        kgha        kgha        kgha        degc         ---         ---         ---         ---         ---        kgha        kgha        kgha        degc        degc        degc      mj/m^2         m/s        frac        degc   m**2/m**2       kg/ha       kg/ha       kg/ha
   366    12    31  2016       1       1  Comunidad_de_rie       0.940   47722.668       0.000    1174.768      18.434     259.297       0.000      85.282       0.000       0.051       0.000       0.000       0.000      23.370      12.676      18.023      16.647       1.547       0.687       0.468       0.000       0.000       0.000       0.000
   365    12    31  2017       1       1  Comunidad_de_rie       0.874   44789.141       0.000    1099.414      18.355     260.681       0.000      83.644       0.000       0.060       0.000       0.000       0.000      23.483      12.062      17.772      17.582       1.565       0.685       0.459       0.000       0.000       0.000       0.000
   365    12    31  2018       1       1  Comunidad_de_rie       0.808   41838.785       0.000    1034.499      18.398     242.864       0.000      97.524       0.000       0.000       0.000       0.000       0.000      23.299      12.417      17.858      17.037       1.572       0.681       0.456       0.000       0.000       0.000       0.000
   365    12    31  2019       1       1  Comunidad_de_rie       0.884   39831.469       0.000     984.427      18.455     256.825       0.000      93.143       0.000       0.061       0.000       0.000       0.000      24.044      11.989      18.017      17.154       1.544       0.667       0.452       0.000       0.000       0.000       0.000
   366    12    31  2020       1       1  Comunidad_de_rie       0.944   38003.875       0.000     944.728      18.489     252.257       0.000      80.270       0.000       0.000       0.000       0.000       0.000      23.717      12.802      18.259      16.662       1.540       0.729       0.474       0.000       0.000       0.000       0.000
   365    12    31  2021       1       1  Comunidad_de_rie       0.867   36037.332       0.000     890.328      18.261     246.227       0.000      93.437       0.000       0.000       0.000       0.000       0.000      22.861      12.635      17.748      14.985       1.453       0.755       0.450       0.000       0.000       0.000       0.000
   365    12    31  2022       1       1  Comunidad_de_rie       0.861   34854.520       0.000     859.161      18.560     251.769       0.000      70.369       0.000       0.000       0.000       0.000       0.000      22.655      14.340      18.498      17.395       2.935       0.646       0.476       0.000       0.000       0.000       0.000
