 Comunidad_de_riego_Turia_ SWAT+ Jun 13 2023       MODULAR Rev 2023.60.5.7                                
   jday   mon   day    yr   unit  gis_id  name                       flo          dep_wt            stor          rchrg           seep          revap         no3_st           minp           orgn           orgp       no3_rchg       no3_loss        no3_lat       no3_seep        flo_cha        flo_res         flo_ls
                                                                       mm              m              mm             mm             mm             mm        kg/ha_N        kg/ha_P        kg/ha_N        kg/ha_P        kg/ha_N        kg/ha_N        kg/ha_N        kg/ha_N             mm             mm             mm
   366    12    31  2016         1     1  Comunidad_de_rie          0.000         23.723       2713.777          0.000          0.000         23.618          0.000          0.000          0.500          0.000          0.000          0.000          0.000          0.000          0.000          0.000          0.000
   365    12    31  2017         1     1  Comunidad_de_rie          0.000         24.197       2690.085          0.000          0.000         24.021          0.000          0.000          0.500          0.000          0.000          0.000          0.000          0.000          0.000          0.000          0.000
   365    12    31  2018         1     1  Comunidad_de_rie          0.000         24.673       2666.263          0.000          0.000         23.676          0.000          0.000          0.500          0.000          0.000          0.000          0.000          0.000          0.000          0.000          0.000
   365    12    31  2019         1     1  Comunidad_de_rie          0.000         24.986       2650.689          0.000          0.000          4.466          0.000          0.000          0.500          0.000          0.000          0.000          0.000          0.000          0.000          0.000          0.000
   366    12    31  2020         1     1  Comunidad_de_rie          0.000         25.000       2649.992          0.000          0.000          0.000          0.000          0.000          0.500          0.000          0.000          0.000          0.000          0.000          0.000          0.000          0.000
   365    12    31  2021         1     1  Comunidad_de_rie          0.000         25.000       2649.992          0.000          0.000          0.000          0.000          0.000          0.500          0.000          0.000          0.000          0.000          0.000          0.000          0.000          0.000
   365    12    31  2022         1     1  Comunidad_de_rie          0.000         25.000       2649.992          0.000          0.000          0.000          0.000          0.000          0.500          0.000          0.000          0.000          0.000          0.000          0.000          0.000          0.000
