 Comunidad_de_riego_Turia_ SWAT+ Jun 13 2023       MODULAR Rev 2023.60.5.7                                
   jday   mon   day    yr   unit  gis_id  name                    flo_in          geo_bf         flo_out           peakr         sed_in        sed_out         washld          bedld            dep        deg_btm       deg_bank         hc_sed          width          depth          slope        deg_btm       deg_bank         hc_len      flo_in_mm       aqu_in_mm      flo_out_mm        sed_stor 
                                                                   m^3/s           m^3/s           m^3/s           m^3/s           tons           tons           tons           tons           tons           tons           tons           tons              m              m            m/m              m              m              m             mm              mm              mm            tons 
   366    12    31  2016         1     1  Comunidad_de_rieg     0.6590E+02     0.0000E+00     0.6543E+02     0.1028E+03     0.7956E+00     0.7464E+00     0.3839E+00     0.0000E+00     0.3136E+00     0.3454E-02     0.3590E+00     0.0000E+00     0.1925E+01     0.1697E+00     0.7000E-04     0.7119E-02     0.6758E+00     0.0000E+00     0.4398E+04     0.0000E+00     0.4361E+04     0.1825E+00
   365    12    31  2017         1     1  Comunidad_de_rieg     0.9079E+02     0.0000E+00     0.9023E+02     0.1416E+03     0.9646E+00     0.1042E+01     0.4790E+00     0.0000E+00     0.4114E+00     0.5640E-02     0.5570E+00     0.0000E+00     0.1925E+01     0.1697E+00     0.7000E-04     0.1227E-01     0.8359E+00     0.0000E+00     0.6059E+04     0.0000E+00     0.6002E+04     0.1812E+00
   365    12    31  2018         1     1  Comunidad_de_rieg     0.3881E+03     0.0000E+00     0.3873E+03     0.6012E+03     0.1780E+01     0.1969E+01     0.8889E+00     0.0000E+00     0.7710E+00     0.1250E-01     0.1068E+01     0.0000E+00     0.1925E+01     0.1697E+00     0.7000E-04     0.2787E-01     0.1475E+01     0.0000E+00     0.2544E+05     0.0000E+00     0.2535E+05     0.2600E+00
   365    12    31  2019         1     1  Comunidad_de_rieg     0.2198E+03     0.0000E+00     0.2191E+03     0.3413E+03     0.2902E+01     0.2598E+01     0.1418E+01     0.0000E+00     0.1259E+01     0.1668E-01     0.1164E+01     0.0000E+00     0.1925E+01     0.1697E+00     0.7000E-04     0.3792E-01     0.1485E+01     0.0000E+00     0.1449E+05     0.0000E+00     0.1441E+05     0.3718E+00
   366    12    31  2020         1     1  Comunidad_de_rieg     0.5337E+03     0.0000E+00     0.5328E+03     0.8260E+03     0.1604E+01     0.1569E+01     0.7929E+00     0.0000E+00     0.6686E+00     0.1011E-01     0.7664E+00     0.0000E+00     0.1925E+01     0.1697E+00     0.7000E-04     0.2232E-01     0.1243E+01     0.0000E+00     0.3491E+05     0.0000E+00     0.3482E+05     0.2962E+00
   365    12    31  2021         1     1  Comunidad_de_rieg     0.1759E+03     0.0000E+00     0.1749E+03     0.2741E+03     0.1335E+01     0.1206E+01     0.6447E+00     0.0000E+00     0.5293E+00     0.5877E-02     0.5558E+00     0.0000E+00     0.1925E+01     0.1697E+00     0.7000E-04     0.1252E-01     0.9806E+00     0.0000E+00     0.1171E+05     0.0000E+00     0.1160E+05     0.3265E+00
   365    12    31  2022         1     1  Comunidad_de_rieg     0.6382E+02     0.0000E+00     0.6338E+02     0.9975E+02     0.1877E+01     0.1213E+01     0.8761E+00     0.0000E+00     0.7526E+00     0.3524E-02     0.3333E+00     0.0000E+00     0.1925E+01     0.1697E+00     0.7000E-04     0.7493E-02     0.5731E+00     0.0000E+00     0.4281E+04     0.0000E+00     0.4231E+04     0.3537E+00
