 Comunidad_de_riego_Turia_ SWAT+ Jun 13 2023       MODULAR Rev 2023.60.5.7                                
   jday   mon   day    yr   unit  gis_id  name                     lai       bioms       yield     residue     sol_tmp       strsw       strsa     strstmp       strsn       strsp        nplt       percn       pplnt         tmx         tmn       tmpav     solarad      wndspd        rhum     phubas0     lai_max      bm_max     bm_grow       c_gro
                                                             m**2/m**2        kgha        kgha        kgha        degc         ---         ---         ---         ---         ---        kgha        kgha        kgha        degc        degc        degc      mj/m^2         m/s        frac        degc   m**2/m**2       kg/ha       kg/ha       kg/ha
   365    12    31  2022       1       1  hru001                 0.882   40441.406       0.000     998.233      18.422     251.859       0.000      85.902       0.000       0.025     118.233       0.000      22.452      23.347      12.703      18.025      16.780       1.736       0.693       0.462       0.000       0.000       0.000       0.000
   365    12    31  2022       2       2  hru002                 0.882   40441.406       0.000     998.233      18.422     251.859       0.000      85.902       0.000       0.025     118.233       0.000      22.452      23.347      12.703      18.025      16.780       1.736       0.693       0.462       0.000       0.000       0.000       0.000
   365    12    31  2022       3       3  hru003                 0.882   40441.438       0.000     998.234      18.422     251.859       0.000      85.902       0.000       0.025     118.233       0.000      22.452      23.347      12.703      18.025      16.780       1.736       0.693       0.462       0.000       0.000       0.000       0.000
   365    12    31  2022       4       4  hru004                 0.882   40441.434       0.000     998.234      18.422     251.859       0.000      85.902       0.000       0.025     118.233       0.000      22.452      23.347      12.703      18.025      16.780       1.736       0.693       0.462       0.000       0.000       0.000       0.000
   365    12    31  2022       5       5  hru005                 0.882   40441.391       0.000     998.233      18.422     251.859       0.000      85.902       0.000       0.025     118.233       0.000      22.452      23.347      12.703      18.025      16.780       1.736       0.693       0.462       0.000       0.000       0.000       0.000
   365    12    31  2022       6       6  hru006                 0.882   40441.379       0.000     998.232      18.422     251.859       0.000      85.902       0.000       0.025     118.233       0.000      22.452      23.347      12.703      18.025      16.780       1.736       0.693       0.462       0.000       0.000       0.000       0.000
   365    12    31  2022       7       7  hru007                 0.882   40441.340       0.000     998.231      18.422     251.859       0.000      85.902       0.000       0.025     118.233       0.000      22.452      23.347      12.703      18.025      16.780       1.736       0.693       0.462       0.000       0.000       0.000       0.000
   365    12    31  2022       8       8  hru008                 0.882   40441.352       0.000     998.232      18.422     251.859       0.000      85.902       0.000       0.025     118.233       0.000      22.452      23.347      12.703      18.025      16.780       1.736       0.693       0.462       0.000       0.000       0.000       0.000
   365    12    31  2022       9       9  hru009                 0.882   40441.453       0.000     998.234      18.422     251.859       0.000      85.902       0.000       0.025     118.233       0.000      22.452      23.347      12.703      18.025      16.780       1.736       0.693       0.462       0.000       0.000       0.000       0.000
   365    12    31  2022      10      10  hru010                 0.882   40441.426       0.000     998.234      18.422     251.859       0.000      85.902       0.000       0.025     118.233       0.000      22.452      23.347      12.703      18.025      16.780       1.736       0.693       0.462       0.000       0.000       0.000       0.000
   365    12    31  2022      11      11  hru011                 0.882   40441.359       0.000     998.232      18.422     251.859       0.000      85.902       0.000       0.025     118.233       0.000      22.452      23.347      12.703      18.025      16.780       1.736       0.693       0.462       0.000       0.000       0.000       0.000
   365    12    31  2022      12      12  hru012                 0.882   40441.371       0.000     998.232      18.422     251.859       0.000      85.902       0.000       0.025     118.233       0.000      22.452      23.347      12.703      18.025      16.780       1.736       0.693       0.462       0.000       0.000       0.000       0.000
   365    12    31  2022      13      13  hru013                 0.882   40441.344       0.000     998.231      18.422     251.859       0.000      85.902       0.000       0.025     118.233       0.000      22.452      23.347      12.703      18.025      16.780       1.736       0.693       0.462       0.000       0.000       0.000       0.000
   365    12    31  2022      14      14  hru014                 0.882   40441.340       0.000     998.231      18.422     251.859       0.000      85.902       0.000       0.025     118.233       0.000      22.452      23.347      12.703      18.025      16.780       1.736       0.693       0.462       0.000       0.000       0.000       0.000
   365    12    31  2022      15      15  hru015                 0.882   40441.461       0.000     998.235      18.422     251.859       0.000      85.902       0.000       0.025     118.233       0.000      22.452      23.347      12.703      18.025      16.780       1.736       0.693       0.462       0.000       0.000       0.000       0.000
   365    12    31  2022      16      16  hru016                 0.882   40441.453       0.000     998.234      18.422     251.859       0.000      85.902       0.000       0.025     118.233       0.000      22.452      23.347      12.703      18.025      16.780       1.736       0.693       0.462       0.000       0.000       0.000       0.000
   365    12    31  2022      17      17  hru017                 0.882   40441.391       0.000     998.233      18.422     251.859       0.000      85.902       0.000       0.025     118.233       0.000      22.452      23.347      12.703      18.025      16.780       1.736       0.693       0.462       0.000       0.000       0.000       0.000
   365    12    31  2022      18      18  hru018                 0.882   40441.406       0.000     998.233      18.422     251.859       0.000      85.902       0.000       0.025     118.233       0.000      22.452      23.347      12.703      18.025      16.780       1.736       0.693       0.462       0.000       0.000       0.000       0.000
   365    12    31  2022      19      19  hru019                 0.882   40441.469       0.000     998.235      18.422     251.859       0.000      85.902       0.000       0.025     118.233       0.000      22.452      23.347      12.703      18.025      16.780       1.736       0.693       0.462       0.000       0.000       0.000       0.000
   365    12    31  2022      20      20  hru020                 0.882   40441.469       0.000     998.235      18.422     251.859       0.000      85.902       0.000       0.025     118.233       0.000      22.452      23.347      12.703      18.025      16.780       1.736       0.693       0.462       0.000       0.000       0.000       0.000
   365    12    31  2022      21      21  hru021                 0.882   40441.285       0.000     998.230      18.422     251.859       0.000      85.902       0.000       0.025     118.232       0.000      22.452      23.347      12.703      18.025      16.780       1.736       0.693       0.462       0.000       0.000       0.000       0.000
   365    12    31  2022      22      22  hru022                 0.882   40441.301       0.000     998.230      18.422     251.859       0.000      85.902       0.000       0.025     118.232       0.000      22.452      23.347      12.703      18.025      16.780       1.736       0.693       0.462       0.000       0.000       0.000       0.000
   365    12    31  2022      23      23  hru023                 0.882   40441.281       0.000     998.230      18.422     251.859       0.000      85.902       0.000       0.025     118.232       0.000      22.452      23.347      12.703      18.025      16.780       1.736       0.693       0.462       0.000       0.000       0.000       0.000
   365    12    31  2022      24      24  hru024                 0.882   40441.406       0.000     998.233      18.422     251.859       0.000      85.902       0.000       0.025     118.233       0.000      22.452      23.347      12.703      18.025      16.780       1.736       0.693       0.462       0.000       0.000       0.000       0.000
   365    12    31  2022      25      25  hru025                 0.882   40441.391       0.000     998.233      18.422     251.859       0.000      85.902       0.000       0.025     118.233       0.000      22.452      23.347      12.703      18.025      16.780       1.736       0.693       0.462       0.000       0.000       0.000       0.000
   365    12    31  2022      26      26  hru026                 0.882   40441.391       0.000     998.233      18.422     251.859       0.000      85.902       0.000       0.025     118.233       0.000      22.452      23.347      12.703      18.025      16.780       1.736       0.693       0.462       0.000       0.000       0.000       0.000
   365    12    31  2022      27      27  hru027                 0.882   40441.434       0.000     998.234      18.422     251.859       0.000      85.902       0.000       0.025     118.233       0.000      22.452      23.347      12.703      18.025      16.780       1.736       0.693       0.462       0.000       0.000       0.000       0.000
   365    12    31  2022      28      28  hru028                 0.882   40441.469       0.000     998.235      18.422     251.859       0.000      85.902       0.000       0.025     118.233       0.000      22.452      23.347      12.703      18.025      16.780       1.736       0.693       0.462       0.000       0.000       0.000       0.000
   365    12    31  2022      29      29  hru029                 0.882   40441.328       0.000     998.231      18.422     251.859       0.000      85.902       0.000       0.025     118.233       0.000      22.452      23.347      12.703      18.025      16.780       1.736       0.693       0.462       0.000       0.000       0.000       0.000
   365    12    31  2022      30      30  hru030                 0.882   40441.340       0.000     998.231      18.422     251.859       0.000      85.902       0.000       0.025     118.233       0.000      22.452      23.347      12.703      18.025      16.780       1.736       0.693       0.462       0.000       0.000       0.000       0.000
   365    12    31  2022      31      31  hru031                 0.882   40441.398       0.000     998.233      18.422     251.859       0.000      85.902       0.000       0.025     118.233       0.000      22.452      23.347      12.703      18.025      16.780       1.736       0.693       0.462       0.000       0.000       0.000       0.000
   365    12    31  2022      32      32  hru032                 0.882   40441.430       0.000     998.234      18.422     251.859       0.000      85.902       0.000       0.025     118.233       0.000      22.452      23.347      12.703      18.025      16.780       1.736       0.693       0.462       0.000       0.000       0.000       0.000
   365    12    31  2022      33      33  hru033                 0.882   40441.328       0.000     998.231      18.422     251.859       0.000      85.902       0.000       0.025     118.233       0.000      22.452      23.347      12.703      18.025      16.780       1.736       0.693       0.462       0.000       0.000       0.000       0.000
   365    12    31  2022      34      34  hru034                 0.882   40441.465       0.000     998.235      18.422     251.859       0.000      85.902       0.000       0.025     118.233       0.000      22.452      23.347      12.703      18.025      16.780       1.736       0.693       0.462       0.000       0.000       0.000       0.000
   365    12    31  2022      35      35  hru035                 0.882   40441.465       0.000     998.235      18.422     251.859       0.000      85.902       0.000       0.025     118.233       0.000      22.452      23.347      12.703      18.025      16.780       1.736       0.693       0.462       0.000       0.000       0.000       0.000
   365    12    31  2022      36      36  hru036                 0.882   40441.352       0.000     998.232      18.422     251.859       0.000      85.902       0.000       0.025     118.233       0.000      22.452      23.347      12.703      18.025      16.780       1.736       0.693       0.462       0.000       0.000       0.000       0.000
   365    12    31  2022      37      37  hru037                 0.882   40441.457       0.000     998.234      18.422     251.859       0.000      85.902       0.000       0.025     118.233       0.000      22.452      23.347      12.703      18.025      16.780       1.736       0.693       0.462       0.000       0.000       0.000       0.000
   365    12    31  2022      38      38  hru038                 0.882   40441.438       0.000     998.234      18.422     251.859       0.000      85.902       0.000       0.025     118.233       0.000      22.452      23.347      12.703      18.025      16.780       1.736       0.693       0.462       0.000       0.000       0.000       0.000
   365    12    31  2022      39      39  hru039                 0.882   40441.355       0.000     998.232      18.422     251.859       0.000      85.902       0.000       0.025     118.233       0.000      22.452      23.347      12.703      18.025      16.780       1.736       0.693       0.462       0.000       0.000       0.000       0.000
   365    12    31  2022      40      40  hru040                 0.882   40441.328       0.000     998.231      18.422     251.859       0.000      85.902       0.000       0.025     118.233       0.000      22.452      23.347      12.703      18.025      16.780       1.736       0.693       0.462       0.000       0.000       0.000       0.000
   365    12    31  2022      41      41  hru041                 0.882   40441.469       0.000     998.235      18.422     251.859       0.000      85.902       0.000       0.025     118.233       0.000      22.452      23.347      12.703      18.025      16.780       1.736       0.693       0.462       0.000       0.000       0.000       0.000
   365    12    31  2022      42      42  hru042                 0.882   40441.469       0.000     998.235      18.422     251.859       0.000      85.902       0.000       0.025     118.233       0.000      22.452      23.347      12.703      18.025      16.780       1.736       0.693       0.462       0.000       0.000       0.000       0.000
   365    12    31  2022      43      43  hru043                 0.882   40441.465       0.000     998.235      18.422     251.859       0.000      85.902       0.000       0.025     118.233       0.000      22.452      23.347      12.703      18.025      16.780       1.736       0.693       0.462       0.000       0.000       0.000       0.000
   365    12    31  2022      44      44  hru044                 0.882   40441.469       0.000     998.235      18.422     251.859       0.000      85.902       0.000       0.025     118.233       0.000      22.452      23.347      12.703      18.025      16.780       1.736       0.693       0.462       0.000       0.000       0.000       0.000
   365    12    31  2022      45      45  hru045                 0.882   40441.469       0.000     998.235      18.422     251.859       0.000      85.902       0.000       0.025     118.233       0.000      22.452      23.347      12.703      18.025      16.780       1.736       0.693       0.462       0.000       0.000       0.000       0.000
   365    12    31  2022      46      46  hru046                 0.882   40441.270       0.000     998.230      18.422     251.859       0.000      85.902       0.000       0.025     118.232       0.000      22.452      23.347      12.703      18.025      16.780       1.736       0.693       0.462       0.000       0.000       0.000       0.000
   365    12    31  2022      47      47  hru047                 0.882   40441.359       0.000     998.232      18.422     251.859       0.000      85.902       0.000       0.025     118.233       0.000      22.452      23.347      12.703      18.025      16.780       1.736       0.693       0.462       0.000       0.000       0.000       0.000
   365    12    31  2022      48      48  hru048                 0.882   40441.438       0.000     998.234      18.422     251.859       0.000      85.902       0.000       0.025     118.233       0.000      22.452      23.347      12.703      18.025      16.780       1.736       0.693       0.462       0.000       0.000       0.000       0.000
   365    12    31  2022      49      49  hru049                 0.882   40441.453       0.000     998.234      18.422     251.859       0.000      85.902       0.000       0.025     118.233       0.000      22.452      23.347      12.703      18.025      16.780       1.736       0.693       0.462       0.000       0.000       0.000       0.000
   365    12    31  2022      50      50  hru050                 0.882   40441.406       0.000     998.233      18.422     251.859       0.000      85.902       0.000       0.025     118.233       0.000      22.452      23.347      12.703      18.025      16.780       1.736       0.693       0.462       0.000       0.000       0.000       0.000
   365    12    31  2022      51      51  hru051                 0.882   40441.391       0.000     998.233      18.422     251.859       0.000      85.902       0.000       0.025     118.233       0.000      22.452      23.347      12.703      18.025      16.780       1.736       0.693       0.462       0.000       0.000       0.000       0.000
   365    12    31  2022      52      52  hru052                 0.882   40441.469       0.000     998.235      18.422     251.859       0.000      85.902       0.000       0.025     118.233       0.000      22.452      23.347      12.703      18.025      16.780       1.736       0.693       0.462       0.000       0.000       0.000       0.000
   365    12    31  2022      53      53  hru053                 0.882   40441.469       0.000     998.235      18.422     251.859       0.000      85.902       0.000       0.025     118.233       0.000      22.452      23.347      12.703      18.025      16.780       1.736       0.693       0.462       0.000       0.000       0.000       0.000
   365    12    31  2022      54      54  hru054                 0.882   40441.461       0.000     998.235      18.422     251.859       0.000      85.902       0.000       0.025     118.233       0.000      22.452      23.347      12.703      18.025      16.780       1.736       0.693       0.462       0.000       0.000       0.000       0.000
   365    12    31  2022      55      55  hru055                 0.882   40441.465       0.000     998.235      18.422     251.859       0.000      85.902       0.000       0.025     118.233       0.000      22.452      23.347      12.703      18.025      16.780       1.736       0.693       0.462       0.000       0.000       0.000       0.000
   365    12    31  2022      56      56  hru056                 0.882   40441.469       0.000     998.235      18.422     251.859       0.000      85.902       0.000       0.025     118.233       0.000      22.452      23.347      12.703      18.025      16.780       1.736       0.693       0.462       0.000       0.000       0.000       0.000
   365    12    31  2022      57      57  hru057                 0.882   40441.469       0.000     998.235      18.422     251.859       0.000      85.902       0.000       0.025     118.233       0.000      22.452      23.347      12.703      18.025      16.780       1.736       0.693       0.462       0.000       0.000       0.000       0.000
   365    12    31  2022      58      58  hru058                 0.882   40441.461       0.000     998.235      18.422     251.859       0.000      85.902       0.000       0.025     118.233       0.000      22.452      23.347      12.703      18.025      16.780       1.736       0.693       0.462       0.000       0.000       0.000       0.000
   365    12    31  2022      59      59  hru059                 0.882   40441.469       0.000     998.235      18.422     251.859       0.000      85.902       0.000       0.025     118.233       0.000      22.452      23.347      12.703      18.025      16.780       1.736       0.693       0.462       0.000       0.000       0.000       0.000
   365    12    31  2022      60      60  hru060                 0.882   40441.438       0.000     998.234      18.422     251.859       0.000      85.902       0.000       0.025     118.233       0.000      22.452      23.347      12.703      18.025      16.780       1.736       0.693       0.462       0.000       0.000       0.000       0.000
   365    12    31  2022      61      61  hru061                 0.882   40441.469       0.000     998.235      18.422     251.859       0.000      85.902       0.000       0.025     118.233       0.000      22.452      23.347      12.703      18.025      16.780       1.736       0.693       0.462       0.000       0.000       0.000       0.000
   365    12    31  2022      62      62  hru062                 0.882   40441.441       0.000     998.234      18.422     251.859       0.000      85.902       0.000       0.025     118.233       0.000      22.452      23.347      12.703      18.025      16.780       1.736       0.693       0.462       0.000       0.000       0.000       0.000
   365    12    31  2022      63      63  hru063                 0.882   40441.359       0.000     998.232      18.422     251.859       0.000      85.902       0.000       0.025     118.233       0.000      22.452      23.347      12.703      18.025      16.780       1.736       0.693       0.462       0.000       0.000       0.000       0.000
   365    12    31  2022      64      64  hru064                 0.882   40441.379       0.000     998.232      18.422     251.859       0.000      85.902       0.000       0.025     118.233       0.000      22.452      23.347      12.703      18.025      16.780       1.736       0.693       0.462       0.000       0.000       0.000       0.000
   365    12    31  2022      65      65  hru065                 0.882   40441.461       0.000     998.235      18.422     251.859       0.000      85.902       0.000       0.025     118.233       0.000      22.452      23.347      12.703      18.025      16.780       1.736       0.693       0.462       0.000       0.000       0.000       0.000
   365    12    31  2022      66      66  hru066                 0.882   40441.453       0.000     998.234      18.422     251.859       0.000      85.902       0.000       0.025     118.233       0.000      22.452      23.347      12.703      18.025      16.780       1.736       0.693       0.462       0.000       0.000       0.000       0.000
   365    12    31  2022      67      67  hru067                 0.882   40441.453       0.000     998.234      18.422     251.859       0.000      85.902       0.000       0.025     118.233       0.000      22.452      23.347      12.703      18.025      16.780       1.736       0.693       0.462       0.000       0.000       0.000       0.000
   365    12    31  2022      68      68  hru068                 0.882   40441.379       0.000     998.233      18.422     251.859       0.000      85.902       0.000       0.025     118.233       0.000      22.452      23.347      12.703      18.025      16.780       1.736       0.693       0.462       0.000       0.000       0.000       0.000
   365    12    31  2022      69      69  hru069                 0.882   40441.414       0.000     998.233      18.422     251.859       0.000      85.902       0.000       0.025     118.233       0.000      22.452      23.347      12.703      18.025      16.780       1.736       0.693       0.462       0.000       0.000       0.000       0.000
   365    12    31  2022      70      70  hru070                 0.882   40441.277       0.000     998.230      18.422     251.859       0.000      85.902       0.000       0.025     118.232       0.000      22.452      23.347      12.703      18.025      16.780       1.736       0.693       0.462       0.000       0.000       0.000       0.000
   365    12    31  2022      71      71  hru071                 0.882   40441.270       0.000     998.230      18.422     251.859       0.000      85.902       0.000       0.025     118.232       0.000      22.452      23.347      12.703      18.025      16.780       1.736       0.693       0.462       0.000       0.000       0.000       0.000
   365    12    31  2022      72      72  hru072                 0.882   40441.254       0.000     998.229      18.422     251.859       0.000      85.902       0.000       0.025     118.232       0.000      22.452      23.347      12.703      18.025      16.780       1.736       0.693       0.462       0.000       0.000       0.000       0.000
   365    12    31  2022      73      73  hru073                 0.882   40441.379       0.000     998.233      18.422     251.859       0.000      85.902       0.000       0.025     118.233       0.000      22.452      23.347      12.703      18.025      16.780       1.736       0.693       0.462       0.000       0.000       0.000       0.000
   365    12    31  2022      74      74  hru074                 0.882   40441.379       0.000     998.233      18.422     251.859       0.000      85.902       0.000       0.025     118.233       0.000      22.452      23.347      12.703      18.025      16.780       1.736       0.693       0.462       0.000       0.000       0.000       0.000
   365    12    31  2022      75      75  hru075                 0.882   40441.469       0.000     998.235      18.422     251.859       0.000      85.902       0.000       0.025     118.233       0.000      22.452      23.347      12.703      18.025      16.780       1.736       0.693       0.462       0.000       0.000       0.000       0.000
   365    12    31  2022      76      76  hru076                 0.882   40441.465       0.000     998.235      18.422     251.859       0.000      85.902       0.000       0.025     118.233       0.000      22.452      23.347      12.703      18.025      16.780       1.736       0.693       0.462       0.000       0.000       0.000       0.000
   365    12    31  2022      77      77  hru077                 0.882   40441.465       0.000     998.235      18.422     251.859       0.000      85.902       0.000       0.025     118.233       0.000      22.452      23.347      12.703      18.025      16.780       1.736       0.693       0.462       0.000       0.000       0.000       0.000
   365    12    31  2022      78      78  hru078                 0.882   40441.457       0.000     998.234      18.422     251.859       0.000      85.902       0.000       0.025     118.233       0.000      22.452      23.347      12.703      18.025      16.780       1.736       0.693       0.462       0.000       0.000       0.000       0.000
   365    12    31  2022      79      79  hru079                 0.882   40441.469       0.000     998.235      18.422     251.859       0.000      85.902       0.000       0.025     118.233       0.000      22.452      23.347      12.703      18.025      16.780       1.736       0.693       0.462       0.000       0.000       0.000       0.000
   365    12    31  2022      80      80  hru080                 0.882   40441.469       0.000     998.235      18.422     251.859       0.000      85.902       0.000       0.025     118.233       0.000      22.452      23.347      12.703      18.025      16.780       1.736       0.693       0.462       0.000       0.000       0.000       0.000
   365    12    31  2022      81      81  hru081                 0.882   40441.406       0.000     998.233      18.422     251.859       0.000      85.902       0.000       0.025     118.233       0.000      22.452      23.347      12.703      18.025      16.780       1.736       0.693       0.462       0.000       0.000       0.000       0.000
   365    12    31  2022      82      82  hru082                 0.882   40441.391       0.000     998.233      18.422     251.859       0.000      85.902       0.000       0.025     118.233       0.000      22.452      23.347      12.703      18.025      16.780       1.736       0.693       0.462       0.000       0.000       0.000       0.000
   365    12    31  2022      83      83  hru083                 0.882   40441.422       0.000     998.234      18.422     251.859       0.000      85.902       0.000       0.025     118.233       0.000      22.452      23.347      12.703      18.025      16.780       1.736       0.693       0.462       0.000       0.000       0.000       0.000
   365    12    31  2022      84      84  hru084                 0.882   40441.453       0.000     998.234      18.422     251.859       0.000      85.902       0.000       0.025     118.233       0.000      22.452      23.347      12.703      18.025      16.780       1.736       0.693       0.462       0.000       0.000       0.000       0.000
   365    12    31  2022      85      85  hru085                 0.882   40441.434       0.000     998.234      18.422     251.859       0.000      85.902       0.000       0.025     118.233       0.000      22.452      23.347      12.703      18.025      16.780       1.736       0.693       0.462       0.000       0.000       0.000       0.000
   365    12    31  2022      86      86  hru086                 0.882   40441.469       0.000     998.235      18.422     251.859       0.000      85.902       0.000       0.025     118.233       0.000      22.452      23.347      12.703      18.025      16.780       1.736       0.693       0.462       0.000       0.000       0.000       0.000
   365    12    31  2022      87      87  hru087                 0.882   40441.391       0.000     998.233      18.422     251.859       0.000      85.902       0.000       0.025     118.233       0.000      22.452      23.347      12.703      18.025      16.780       1.736       0.693       0.462       0.000       0.000       0.000       0.000
   365    12    31  2022      88      88  hru088                 0.882   40441.434       0.000     998.234      18.422     251.859       0.000      85.902       0.000       0.025     118.233       0.000      22.452      23.347      12.703      18.025      16.780       1.736       0.693       0.462       0.000       0.000       0.000       0.000
   365    12    31  2022      89      89  hru089                 0.882   40441.469       0.000     998.235      18.422     251.859       0.000      85.902       0.000       0.025     118.233       0.000      22.452      23.347      12.703      18.025      16.780       1.736       0.693       0.462       0.000       0.000       0.000       0.000
   365    12    31  2022      90      90  hru090                 0.882   40441.469       0.000     998.235      18.422     251.859       0.000      85.902       0.000       0.025     118.233       0.000      22.452      23.347      12.703      18.025      16.780       1.736       0.693       0.462       0.000       0.000       0.000       0.000
   365    12    31  2022      91      91  hru091                 0.882   40441.453       0.000     998.234      18.422     251.859       0.000      85.902       0.000       0.025     118.233       0.000      22.452      23.347      12.703      18.025      16.780       1.736       0.693       0.462       0.000       0.000       0.000       0.000
   365    12    31  2022      92      92  hru092                 0.882   40441.426       0.000     998.234      18.422     251.859       0.000      85.902       0.000       0.025     118.233       0.000      22.452      23.347      12.703      18.025      16.780       1.736       0.693       0.462       0.000       0.000       0.000       0.000
   365    12    31  2022      93      93  hru093                 0.882   40441.422       0.000     998.233      18.422     251.859       0.000      85.902       0.000       0.025     118.233       0.000      22.452      23.347      12.703      18.025      16.780       1.736       0.693       0.462       0.000       0.000       0.000       0.000
   365    12    31  2022      94      94  hru094                 0.882   40441.391       0.000     998.233      18.422     251.859       0.000      85.902       0.000       0.025     118.233       0.000      22.452      23.347      12.703      18.025      16.780       1.736       0.693       0.462       0.000       0.000       0.000       0.000
   365    12    31  2022      95      95  hru095                 0.882   40441.406       0.000     998.233      18.422     251.859       0.000      85.902       0.000       0.025     118.233       0.000      22.452      23.347      12.703      18.025      16.780       1.736       0.693       0.462       0.000       0.000       0.000       0.000
   365    12    31  2022      96      96  hru096                 0.882   40441.469       0.000     998.235      18.422     251.859       0.000      85.902       0.000       0.025     118.233       0.000      22.452      23.347      12.703      18.025      16.780       1.736       0.693       0.462       0.000       0.000       0.000       0.000
   365    12    31  2022      97      97  hru097                 0.882   40441.469       0.000     998.235      18.422     251.859       0.000      85.902       0.000       0.025     118.233       0.000      22.452      23.347      12.703      18.025      16.780       1.736       0.693       0.462       0.000       0.000       0.000       0.000
   365    12    31  2022      98      98  hru098                 0.882   40441.469       0.000     998.235      18.422     251.859       0.000      85.902       0.000       0.025     118.233       0.000      22.452      23.347      12.703      18.025      16.780       1.736       0.693       0.462       0.000       0.000       0.000       0.000
   365    12    31  2022      99      99  hru099                 0.882   40441.465       0.000     998.235      18.422     251.859       0.000      85.902       0.000       0.025     118.233       0.000      22.452      23.347      12.703      18.025      16.780       1.736       0.693       0.462       0.000       0.000       0.000       0.000
   365    12    31  2022     100     100  hru100                 0.882   40441.469       0.000     998.235      18.422     251.859       0.000      85.902       0.000       0.025     118.233       0.000      22.452      23.347      12.703      18.025      16.780       1.736       0.693       0.462       0.000       0.000       0.000       0.000
   365    12    31  2022     101     101  hru101                 0.882   40441.469       0.000     998.235      18.422     251.859       0.000      85.902       0.000       0.025     118.233       0.000      22.452      23.347      12.703      18.025      16.780       1.736       0.693       0.462       0.000       0.000       0.000       0.000
   365    12    31  2022     102     102  hru102                 0.882   40441.469       0.000     998.235      18.422     251.859       0.000      85.902       0.000       0.025     118.233       0.000      22.452      23.347      12.703      18.025      16.780       1.736       0.693       0.462       0.000       0.000       0.000       0.000
   365    12    31  2022     103     103  hru103                 0.882   40441.469       0.000     998.235      18.422     251.859       0.000      85.902       0.000       0.025     118.233       0.000      22.452      23.347      12.703      18.025      16.780       1.736       0.693       0.462       0.000       0.000       0.000       0.000
   365    12    31  2022     104     104  hru104                 0.882   40441.469       0.000     998.235      18.422     251.859       0.000      85.902       0.000       0.025     118.233       0.000      22.452      23.347      12.703      18.025      16.780       1.736       0.693       0.462       0.000       0.000       0.000       0.000
   365    12    31  2022     105     105  hru105                 0.882   40441.469       0.000     998.235      18.422     251.859       0.000      85.902       0.000       0.025     118.233       0.000      22.452      23.347      12.703      18.025      16.780       1.736       0.693       0.462       0.000       0.000       0.000       0.000
   365    12    31  2022     106     106  hru106                 0.882   40441.469       0.000     998.235      18.422     251.859       0.000      85.902       0.000       0.025     118.233       0.000      22.452      23.347      12.703      18.025      16.780       1.736       0.693       0.462       0.000       0.000       0.000       0.000
   365    12    31  2022     107     107  hru107                 0.882   40441.465       0.000     998.235      18.422     251.859       0.000      85.902       0.000       0.025     118.233       0.000      22.452      23.347      12.703      18.025      16.780       1.736       0.693       0.462       0.000       0.000       0.000       0.000
   365    12    31  2022     108     108  hru108                 0.882   40441.469       0.000     998.235      18.422     251.859       0.000      85.902       0.000       0.025     118.233       0.000      22.452      23.347      12.703      18.025      16.780       1.736       0.693       0.462       0.000       0.000       0.000       0.000
   365    12    31  2022     109     109  hru109                 0.882   40441.469       0.000     998.235      18.422     251.859       0.000      85.902       0.000       0.025     118.233       0.000      22.452      23.347      12.703      18.025      16.780       1.736       0.693       0.462       0.000       0.000       0.000       0.000
   365    12    31  2022     110     110  hru110                 0.882   40441.469       0.000     998.235      18.422     251.859       0.000      85.902       0.000       0.025     118.233       0.000      22.452      23.347      12.703      18.025      16.780       1.736       0.693       0.462       0.000       0.000       0.000       0.000
   365    12    31  2022     111     111  hru111                 0.882   40441.469       0.000     998.235      18.422     251.859       0.000      85.902       0.000       0.025     118.233       0.000      22.452      23.347      12.703      18.025      16.780       1.736       0.693       0.462       0.000       0.000       0.000       0.000
   365    12    31  2022     112     112  hru112                 0.882   40441.453       0.000     998.234      18.422     251.859       0.000      85.902       0.000       0.025     118.233       0.000      22.452      23.347      12.703      18.025      16.780       1.736       0.693       0.462       0.000       0.000       0.000       0.000
   365    12    31  2022     113     113  hru113                 0.882   40441.469       0.000     998.235      18.422     251.859       0.000      85.902       0.000       0.025     118.233       0.000      22.452      23.347      12.703      18.025      16.780       1.736       0.693       0.462       0.000       0.000       0.000       0.000
   365    12    31  2022     114     114  hru114                 0.882   40441.469       0.000     998.235      18.422     251.859       0.000      85.902       0.000       0.025     118.233       0.000      22.452      23.347      12.703      18.025      16.780       1.736       0.693       0.462       0.000       0.000       0.000       0.000
   365    12    31  2022     115     115  hru115                 0.882   40441.465       0.000     998.235      18.422     251.859       0.000      85.902       0.000       0.025     118.233       0.000      22.452      23.347      12.703      18.025      16.780       1.736       0.693       0.462       0.000       0.000       0.000       0.000
   365    12    31  2022     116     116  hru116                 0.882   40441.469       0.000     998.235      18.422     251.859       0.000      85.902       0.000       0.025     118.233       0.000      22.452      23.347      12.703      18.025      16.780       1.736       0.693       0.462       0.000       0.000       0.000       0.000
   365    12    31  2022     117     117  hru117                 0.882   40441.469       0.000     998.235      18.422     251.859       0.000      85.902       0.000       0.025     118.233       0.000      22.452      23.347      12.703      18.025      16.780       1.736       0.693       0.462       0.000       0.000       0.000       0.000
   365    12    31  2022     118     118  hru118                 0.882   40441.434       0.000     998.234      18.422     251.859       0.000      85.902       0.000       0.025     118.233       0.000      22.452      23.347      12.703      18.025      16.780       1.736       0.693       0.462       0.000       0.000       0.000       0.000
   365    12    31  2022     119     119  hru119                 0.882   40441.418       0.000     998.233      18.422     251.859       0.000      85.902       0.000       0.025     118.233       0.000      22.452      23.347      12.703      18.025      16.780       1.736       0.693       0.462       0.000       0.000       0.000       0.000
   365    12    31  2022     120     120  hru120                 0.882   40441.379       0.000     998.233      18.422     251.859       0.000      85.902       0.000       0.025     118.233       0.000      22.452      23.347      12.703      18.025      16.780       1.736       0.693       0.462       0.000       0.000       0.000       0.000
   365    12    31  2022     121     121  hru121                 0.882   40441.422       0.000     998.234      18.422     251.859       0.000      85.902       0.000       0.025     118.233       0.000      22.452      23.347      12.703      18.025      16.780       1.736       0.693       0.462       0.000       0.000       0.000       0.000
   365    12    31  2022     122     122  hru122                 0.882   40441.469       0.000     998.235      18.422     251.859       0.000      85.902       0.000       0.025     118.233       0.000      22.452      23.347      12.703      18.025      16.780       1.736       0.693       0.462       0.000       0.000       0.000       0.000
   365    12    31  2022     123     123  hru123                 0.882   40441.469       0.000     998.235      18.422     251.859       0.000      85.902       0.000       0.025     118.233       0.000      22.452      23.347      12.703      18.025      16.780       1.736       0.693       0.462       0.000       0.000       0.000       0.000
   365    12    31  2022     124     124  hru124                 0.882   40441.422       0.000     998.233      18.422     251.859       0.000      85.902       0.000       0.025     118.233       0.000      22.452      23.347      12.703      18.025      16.780       1.736       0.693       0.462       0.000       0.000       0.000       0.000
   365    12    31  2022     125     125  hru125                 0.882   40441.418       0.000     998.233      18.422     251.859       0.000      85.902       0.000       0.025     118.233       0.000      22.452      23.347      12.703      18.025      16.780       1.736       0.693       0.462       0.000       0.000       0.000       0.000
   365    12    31  2022     126     126  hru126                 0.882   40441.438       0.000     998.234      18.422     251.859       0.000      85.902       0.000       0.025     118.233       0.000      22.452      23.347      12.703      18.025      16.780       1.736       0.693       0.462       0.000       0.000       0.000       0.000
   365    12    31  2022     127     127  hru127                 0.882   40441.469       0.000     998.235      18.422     251.859       0.000      85.902       0.000       0.025     118.233       0.000      22.452      23.347      12.703      18.025      16.780       1.736       0.693       0.462       0.000       0.000       0.000       0.000
   365    12    31  2022     128     128  hru128                 0.882   40441.465       0.000     998.235      18.422     251.859       0.000      85.902       0.000       0.025     118.233       0.000      22.452      23.347      12.703      18.025      16.780       1.736       0.693       0.462       0.000       0.000       0.000       0.000
   365    12    31  2022     129     129  hru129                 0.882   40441.469       0.000     998.235      18.422     251.859       0.000      85.902       0.000       0.025     118.233       0.000      22.452      23.347      12.703      18.025      16.780       1.736       0.693       0.462       0.000       0.000       0.000       0.000
   365    12    31  2022     130     130  hru130                 0.882   40441.469       0.000     998.235      18.422     251.859       0.000      85.902       0.000       0.025     118.233       0.000      22.452      23.347      12.703      18.025      16.780       1.736       0.693       0.462       0.000       0.000       0.000       0.000
   365    12    31  2022     131     131  hru131                 0.882   40441.469       0.000     998.235      18.422     251.859       0.000      85.902       0.000       0.025     118.233       0.000      22.452      23.347      12.703      18.025      16.780       1.736       0.693       0.462       0.000       0.000       0.000       0.000
   365    12    31  2022     132     132  hru132                 0.882   40441.469       0.000     998.235      18.422     251.859       0.000      85.902       0.000       0.025     118.233       0.000      22.452      23.347      12.703      18.025      16.780       1.736       0.693       0.462       0.000       0.000       0.000       0.000
   365    12    31  2022     133     133  hru133                 0.882   40441.469       0.000     998.235      18.422     251.859       0.000      85.902       0.000       0.025     118.233       0.000      22.452      23.347      12.703      18.025      16.780       1.736       0.693       0.462       0.000       0.000       0.000       0.000
   365    12    31  2022     134     134  hru134                 0.882   40441.469       0.000     998.235      18.422     251.859       0.000      85.902       0.000       0.025     118.233       0.000      22.452      23.347      12.703      18.025      16.780       1.736       0.693       0.462       0.000       0.000       0.000       0.000
   365    12    31  2022     135     135  hru135                 0.882   40441.469       0.000     998.235      18.422     251.859       0.000      85.902       0.000       0.025     118.233       0.000      22.452      23.347      12.703      18.025      16.780       1.736       0.693       0.462       0.000       0.000       0.000       0.000
   365    12    31  2022     136     136  hru136                 0.882   40441.469       0.000     998.235      18.422     251.859       0.000      85.902       0.000       0.025     118.233       0.000      22.452      23.347      12.703      18.025      16.780       1.736       0.693       0.462       0.000       0.000       0.000       0.000
   365    12    31  2022     137     137  hru137                 0.882   40441.469       0.000     998.235      18.422     251.859       0.000      85.902       0.000       0.025     118.233       0.000      22.452      23.347      12.703      18.025      16.780       1.736       0.693       0.462       0.000       0.000       0.000       0.000
   365    12    31  2022     138     138  hru138                 0.882   40441.469       0.000     998.235      18.422     251.859       0.000      85.902       0.000       0.025     118.233       0.000      22.452      23.347      12.703      18.025      16.780       1.736       0.693       0.462       0.000       0.000       0.000       0.000
   365    12    31  2022     139     139  hru139                 0.882   40441.469       0.000     998.235      18.422     251.859       0.000      85.902       0.000       0.025     118.233       0.000      22.452      23.347      12.703      18.025      16.780       1.736       0.693       0.462       0.000       0.000       0.000       0.000
   365    12    31  2022     140     140  hru140                 0.882   40441.469       0.000     998.235      18.422     251.859       0.000      85.902       0.000       0.025     118.233       0.000      22.452      23.347      12.703      18.025      16.780       1.736       0.693       0.462       0.000       0.000       0.000       0.000
   365    12    31  2022     141     141  hru141                 0.882   40441.469       0.000     998.235      18.422     251.859       0.000      85.902       0.000       0.025     118.233       0.000      22.452      23.347      12.703      18.025      16.780       1.736       0.693       0.462       0.000       0.000       0.000       0.000
   365    12    31  2022     142     142  hru142                 0.882   40441.469       0.000     998.235      18.422     251.859       0.000      85.902       0.000       0.025     118.233       0.000      22.452      23.347      12.703      18.025      16.780       1.736       0.693       0.462       0.000       0.000       0.000       0.000
   365    12    31  2022     143     143  hru143                 0.882   40441.469       0.000     998.235      18.422     251.859       0.000      85.902       0.000       0.025     118.233       0.000      22.452      23.347      12.703      18.025      16.780       1.736       0.693       0.462       0.000       0.000       0.000       0.000
   365    12    31  2022     144     144  hru144                 0.882   40441.469       0.000     998.235      18.422     251.859       0.000      85.902       0.000       0.025     118.233       0.000      22.452      23.347      12.703      18.025      16.780       1.736       0.693       0.462       0.000       0.000       0.000       0.000
   365    12    31  2022     145     145  hru145                 0.882   40441.469       0.000     998.235      18.422     251.859       0.000      85.902       0.000       0.025     118.233       0.000      22.452      23.347      12.703      18.025      16.780       1.736       0.693       0.462       0.000       0.000       0.000       0.000
