 Comunidad_de_riego_Turia_ SWAT+ Jun 13 2023       MODULAR Rev 2023.60.5.7                                
  jday   mon   day    yr    unit  gis_id  name                  precip     snofall      snomlt    surq_gen        latq    wateryld        perc          et     ecanopy      eplant       esoil   surq_cont          cn     sw_init    sw_final      sw_ave      sw_300    sno_init   sno_final     snopack         pet       qtile         irr  surq_runon  latq_runon    overbank    surq_cha    surq_res     surq_ls    latq_cha    latq_res     latq_ls     gwtranq       satex  satex_chan   sw_change     lagsurf     laglatq    lagsatex     wet_out
                                                                  mm            mm          mm          mm          mm          mm          mm          mm          mm          mm          mm          mm         ---          mm          mm          mm          mm          mm          mm          mm          mm          mm          mm          mm          mm          mm          mm          mm          mm          mm          mm          mm          mm          mm          mm          mm          mm          mm          mm          mm
   365    12    31  2022       1       1  hru001               481.745       0.000       0.000     188.194       0.000     188.194       0.000     304.061      12.657      18.984     272.420     376.388       0.000       0.000       1.758       0.315       0.315       0.000       0.000       0.000    1215.254       0.000       0.000       0.000       0.000       0.000     376.388       0.000       0.000       0.000       0.000       0.000       0.000       0.000       0.000       0.250       0.000       0.000       0.000     157.169
   365    12    31  2022       2       2  hru002               481.745       0.000       0.000     188.194       0.000     188.194       0.000     304.061      12.657      18.984     272.420     376.388       0.000       0.000       1.758       0.315       0.315       0.000       0.000       0.000    1215.254       0.000       0.000       0.000       0.000       0.000     376.388       0.000       0.000       0.000       0.000       0.000       0.000       0.000       0.000       0.250       0.000       0.000       0.000     157.169
   365    12    31  2022       3       3  hru003               481.745       0.000       0.000     188.194       0.000     188.194       0.000     304.061      12.657      18.983     272.420     376.388       0.000       0.000       1.758       0.315       0.315       0.000       0.000       0.000    1215.253       0.000       0.000       0.000       0.000       0.000     376.388       0.000       0.000       0.000       0.000       0.000       0.000       0.000       0.000       0.250       0.000       0.000       0.000     157.169
   365    12    31  2022       4       4  hru004               481.745       0.000       0.000     188.194       0.000     188.194       0.000     304.061      12.657      18.983     272.420     376.388       0.000       0.000       1.758       0.315       0.315       0.000       0.000       0.000    1215.253       0.000       0.000       0.000       0.000       0.000     376.388       0.000       0.000       0.000       0.000       0.000       0.000       0.000       0.000       0.250       0.000       0.000       0.000     157.169
   365    12    31  2022       5       5  hru005               481.745       0.000       0.000     188.194       0.000     188.194       0.000     304.061      12.657      18.984     272.420     376.388       0.000       0.000       1.758       0.315       0.315       0.000       0.000       0.000    1215.255       0.000       0.000       0.000       0.000       0.000     376.388       0.000       0.000       0.000       0.000       0.000       0.000       0.000       0.000       0.250       0.000       0.000       0.000     157.169
   365    12    31  2022       6       6  hru006               481.745       0.000       0.000     188.194       0.000     188.194       0.000     304.061      12.657      18.984     272.420     376.388       0.000       0.000       1.758       0.315       0.315       0.000       0.000       0.000    1215.255       0.000       0.000       0.000       0.000       0.000     376.388       0.000       0.000       0.000       0.000       0.000       0.000       0.000       0.000       0.250       0.000       0.000       0.000     157.169
   365    12    31  2022       7       7  hru007               481.745       0.000       0.000     188.194       0.000     188.194       0.000     304.061      12.657      18.984     272.420     376.388       0.000       0.000       1.758       0.315       0.315       0.000       0.000       0.000    1215.257       0.000       0.000       0.000       0.000       0.000     376.388       0.000       0.000       0.000       0.000       0.000       0.000       0.000       0.000       0.250       0.000       0.000       0.000     157.169
   365    12    31  2022       8       8  hru008               481.745       0.000       0.000     188.194       0.000     188.194       0.000     304.061      12.657      18.984     272.420     376.388       0.000       0.000       1.758       0.315       0.315       0.000       0.000       0.000    1215.257       0.000       0.000       0.000       0.000       0.000     376.388       0.000       0.000       0.000       0.000       0.000       0.000       0.000       0.000       0.250       0.000       0.000       0.000     157.169
   365    12    31  2022       9       9  hru009               481.745       0.000       0.000     188.194       0.000     188.194       0.000     304.061      12.657      18.983     272.420     376.388       0.000       0.000       1.758       0.315       0.315       0.000       0.000       0.000    1215.253       0.000       0.000       0.000       0.000       0.000     376.388       0.000       0.000       0.000       0.000       0.000       0.000       0.000       0.000       0.250       0.000       0.000       0.000     157.169
   365    12    31  2022      10      10  hru010               481.745       0.000       0.000     188.194       0.000     188.194       0.000     304.061      12.657      18.984     272.420     376.388       0.000       0.000       1.758       0.315       0.315       0.000       0.000       0.000    1215.254       0.000       0.000       0.000       0.000       0.000     376.388       0.000       0.000       0.000       0.000       0.000       0.000       0.000       0.000       0.250       0.000       0.000       0.000     157.169
   365    12    31  2022      11      11  hru011               481.745       0.000       0.000     188.194       0.000     188.194       0.000     304.061      12.657      18.984     272.420     376.388       0.000       0.000       1.758       0.315       0.315       0.000       0.000       0.000    1215.256       0.000       0.000       0.000       0.000       0.000     376.388       0.000       0.000       0.000       0.000       0.000       0.000       0.000       0.000       0.250       0.000       0.000       0.000     157.169
   365    12    31  2022      12      12  hru012               481.745       0.000       0.000     188.194       0.000     188.194       0.000     304.061      12.657      18.984     272.420     376.388       0.000       0.000       1.758       0.315       0.315       0.000       0.000       0.000    1215.256       0.000       0.000       0.000       0.000       0.000     376.388       0.000       0.000       0.000       0.000       0.000       0.000       0.000       0.000       0.250       0.000       0.000       0.000     157.169
   365    12    31  2022      13      13  hru013               481.745       0.000       0.000     188.194       0.000     188.194       0.000     304.061      12.657      18.984     272.420     376.388       0.000       0.000       1.758       0.315       0.315       0.000       0.000       0.000    1215.257       0.000       0.000       0.000       0.000       0.000     376.388       0.000       0.000       0.000       0.000       0.000       0.000       0.000       0.000       0.250       0.000       0.000       0.000     157.169
   365    12    31  2022      14      14  hru014               481.745       0.000       0.000     188.194       0.000     188.194       0.000     304.061      12.657      18.984     272.420     376.388       0.000       0.000       1.758       0.315       0.315       0.000       0.000       0.000    1215.257       0.000       0.000       0.000       0.000       0.000     376.388       0.000       0.000       0.000       0.000       0.000       0.000       0.000       0.000       0.250       0.000       0.000       0.000     157.169
   365    12    31  2022      15      15  hru015               481.745       0.000       0.000     188.194       0.000     188.194       0.000     304.061      12.657      18.983     272.420     376.388       0.000       0.000       1.758       0.315       0.315       0.000       0.000       0.000    1215.253       0.000       0.000       0.000       0.000       0.000     376.388       0.000       0.000       0.000       0.000       0.000       0.000       0.000       0.000       0.250       0.000       0.000       0.000     157.169
   365    12    31  2022      16      16  hru016               481.745       0.000       0.000     188.194       0.000     188.194       0.000     304.061      12.657      18.983     272.420     376.388       0.000       0.000       1.758       0.315       0.315       0.000       0.000       0.000    1215.253       0.000       0.000       0.000       0.000       0.000     376.388       0.000       0.000       0.000       0.000       0.000       0.000       0.000       0.000       0.250       0.000       0.000       0.000     157.169
   365    12    31  2022      17      17  hru017               481.745       0.000       0.000     188.194       0.000     188.194       0.000     304.061      12.657      18.984     272.420     376.388       0.000       0.000       1.758       0.315       0.315       0.000       0.000       0.000    1215.255       0.000       0.000       0.000       0.000       0.000     376.388       0.000       0.000       0.000       0.000       0.000       0.000       0.000       0.000       0.250       0.000       0.000       0.000     157.169
   365    12    31  2022      18      18  hru018               481.745       0.000       0.000     188.194       0.000     188.194       0.000     304.061      12.657      18.984     272.420     376.388       0.000       0.000       1.758       0.315       0.315       0.000       0.000       0.000    1215.254       0.000       0.000       0.000       0.000       0.000     376.388       0.000       0.000       0.000       0.000       0.000       0.000       0.000       0.000       0.250       0.000       0.000       0.000     157.169
   365    12    31  2022      19      19  hru019               481.745       0.000       0.000     188.194       0.000     188.194       0.000     304.061      12.657      18.983     272.420     376.388       0.000       0.000       1.758       0.315       0.315       0.000       0.000       0.000    1215.253       0.000       0.000       0.000       0.000       0.000     376.388       0.000       0.000       0.000       0.000       0.000       0.000       0.000       0.000       0.250       0.000       0.000       0.000     157.169
   365    12    31  2022      20      20  hru020               481.745       0.000       0.000     188.194       0.000     188.194       0.000     304.061      12.657      18.983     272.420     376.388       0.000       0.000       1.758       0.315       0.315       0.000       0.000       0.000    1215.253       0.000       0.000       0.000       0.000       0.000     376.388       0.000       0.000       0.000       0.000       0.000       0.000       0.000       0.000       0.250       0.000       0.000       0.000     157.169
   365    12    31  2022      21      21  hru021               481.745       0.000       0.000     188.194       0.000     188.194       0.000     304.061      12.657      18.984     272.419     376.388       0.000       0.000       1.758       0.315       0.315       0.000       0.000       0.000    1215.258       0.000       0.000       0.000       0.000       0.000     376.388       0.000       0.000       0.000       0.000       0.000       0.000       0.000       0.000       0.250       0.000       0.000       0.000     157.169
   365    12    31  2022      22      22  hru022               481.745       0.000       0.000     188.194       0.000     188.194       0.000     304.061      12.657      18.984     272.420     376.388       0.000       0.000       1.758       0.315       0.315       0.000       0.000       0.000    1215.258       0.000       0.000       0.000       0.000       0.000     376.388       0.000       0.000       0.000       0.000       0.000       0.000       0.000       0.000       0.250       0.000       0.000       0.000     157.169
   365    12    31  2022      23      23  hru023               481.745       0.000       0.000     188.194       0.000     188.194       0.000     304.061      12.657      18.984     272.419     376.388       0.000       0.000       1.758       0.315       0.315       0.000       0.000       0.000    1215.258       0.000       0.000       0.000       0.000       0.000     376.388       0.000       0.000       0.000       0.000       0.000       0.000       0.000       0.000       0.250       0.000       0.000       0.000     157.169
   365    12    31  2022      24      24  hru024               481.745       0.000       0.000     188.194       0.000     188.194       0.000     304.061      12.657      18.984     272.420     376.388       0.000       0.000       1.758       0.315       0.315       0.000       0.000       0.000    1215.254       0.000       0.000       0.000       0.000       0.000     376.388       0.000       0.000       0.000       0.000       0.000       0.000       0.000       0.000       0.250       0.000       0.000       0.000     157.169
   365    12    31  2022      25      25  hru025               481.745       0.000       0.000     188.194       0.000     188.194       0.000     304.061      12.657      18.984     272.420     376.388       0.000       0.000       1.758       0.315       0.315       0.000       0.000       0.000    1215.255       0.000       0.000       0.000       0.000       0.000     376.388       0.000       0.000       0.000       0.000       0.000       0.000       0.000       0.000       0.250       0.000       0.000       0.000     157.169
   365    12    31  2022      26      26  hru026               481.745       0.000       0.000     188.194       0.000     188.194       0.000     304.061      12.657      18.984     272.420     376.388       0.000       0.000       1.758       0.315       0.315       0.000       0.000       0.000    1215.255       0.000       0.000       0.000       0.000       0.000     376.388       0.000       0.000       0.000       0.000       0.000       0.000       0.000       0.000       0.250       0.000       0.000       0.000     157.169
   365    12    31  2022      27      27  hru027               481.745       0.000       0.000     188.194       0.000     188.194       0.000     304.061      12.657      18.983     272.420     376.388       0.000       0.000       1.758       0.315       0.315       0.000       0.000       0.000    1215.253       0.000       0.000       0.000       0.000       0.000     376.388       0.000       0.000       0.000       0.000       0.000       0.000       0.000       0.000       0.250       0.000       0.000       0.000     157.169
   365    12    31  2022      28      28  hru028               481.745       0.000       0.000     188.194       0.000     188.194       0.000     304.061      12.657      18.983     272.420     376.388       0.000       0.000       1.758       0.315       0.315       0.000       0.000       0.000    1215.253       0.000       0.000       0.000       0.000       0.000     376.388       0.000       0.000       0.000       0.000       0.000       0.000       0.000       0.000       0.250       0.000       0.000       0.000     157.169
   365    12    31  2022      29      29  hru029               481.745       0.000       0.000     188.194       0.000     188.194       0.000     304.061      12.657      18.984     272.420     376.388       0.000       0.000       1.758       0.315       0.315       0.000       0.000       0.000    1215.257       0.000       0.000       0.000       0.000       0.000     376.388       0.000       0.000       0.000       0.000       0.000       0.000       0.000       0.000       0.250       0.000       0.000       0.000     157.169
   365    12    31  2022      30      30  hru030               481.745       0.000       0.000     188.194       0.000     188.194       0.000     304.061      12.657      18.984     272.420     376.388       0.000       0.000       1.758       0.315       0.315       0.000       0.000       0.000    1215.257       0.000       0.000       0.000       0.000       0.000     376.388       0.000       0.000       0.000       0.000       0.000       0.000       0.000       0.000       0.250       0.000       0.000       0.000     157.169
   365    12    31  2022      31      31  hru031               481.745       0.000       0.000     188.194       0.000     188.194       0.000     304.061      12.657      18.984     272.420     376.388       0.000       0.000       1.758       0.315       0.315       0.000       0.000       0.000    1215.255       0.000       0.000       0.000       0.000       0.000     376.388       0.000       0.000       0.000       0.000       0.000       0.000       0.000       0.000       0.250       0.000       0.000       0.000     157.169
   365    12    31  2022      32      32  hru032               481.745       0.000       0.000     188.194       0.000     188.194       0.000     304.061      12.657      18.984     272.420     376.388       0.000       0.000       1.758       0.315       0.315       0.000       0.000       0.000    1215.254       0.000       0.000       0.000       0.000       0.000     376.388       0.000       0.000       0.000       0.000       0.000       0.000       0.000       0.000       0.250       0.000       0.000       0.000     157.169
   365    12    31  2022      33      33  hru033               481.745       0.000       0.000     188.194       0.000     188.194       0.000     304.061      12.657      18.984     272.420     376.388       0.000       0.000       1.758       0.315       0.315       0.000       0.000       0.000    1215.257       0.000       0.000       0.000       0.000       0.000     376.388       0.000       0.000       0.000       0.000       0.000       0.000       0.000       0.000       0.250       0.000       0.000       0.000     157.169
   365    12    31  2022      34      34  hru034               481.745       0.000       0.000     188.194       0.000     188.194       0.000     304.061      12.657      18.983     272.420     376.388       0.000       0.000       1.758       0.315       0.315       0.000       0.000       0.000    1215.253       0.000       0.000       0.000       0.000       0.000     376.388       0.000       0.000       0.000       0.000       0.000       0.000       0.000       0.000       0.250       0.000       0.000       0.000     157.169
   365    12    31  2022      35      35  hru035               481.745       0.000       0.000     188.194       0.000     188.194       0.000     304.061      12.657      18.983     272.420     376.388       0.000       0.000       1.758       0.315       0.315       0.000       0.000       0.000    1215.253       0.000       0.000       0.000       0.000       0.000     376.388       0.000       0.000       0.000       0.000       0.000       0.000       0.000       0.000       0.250       0.000       0.000       0.000     157.169
   365    12    31  2022      36      36  hru036               481.745       0.000       0.000     188.194       0.000     188.194       0.000     304.061      12.657      18.984     272.420     376.388       0.000       0.000       1.758       0.315       0.315       0.000       0.000       0.000    1215.257       0.000       0.000       0.000       0.000       0.000     376.388       0.000       0.000       0.000       0.000       0.000       0.000       0.000       0.000       0.250       0.000       0.000       0.000     157.169
   365    12    31  2022      37      37  hru037               481.745       0.000       0.000     188.194       0.000     188.194       0.000     304.061      12.657      18.983     272.420     376.388       0.000       0.000       1.758       0.315       0.315       0.000       0.000       0.000    1215.253       0.000       0.000       0.000       0.000       0.000     376.388       0.000       0.000       0.000       0.000       0.000       0.000       0.000       0.000       0.250       0.000       0.000       0.000     157.169
   365    12    31  2022      38      38  hru038               481.745       0.000       0.000     188.194       0.000     188.194       0.000     304.061      12.657      18.983     272.420     376.388       0.000       0.000       1.758       0.315       0.315       0.000       0.000       0.000    1215.253       0.000       0.000       0.000       0.000       0.000     376.388       0.000       0.000       0.000       0.000       0.000       0.000       0.000       0.000       0.250       0.000       0.000       0.000     157.169
   365    12    31  2022      39      39  hru039               481.745       0.000       0.000     188.194       0.000     188.194       0.000     304.061      12.657      18.984     272.420     376.388       0.000       0.000       1.758       0.315       0.315       0.000       0.000       0.000    1215.257       0.000       0.000       0.000       0.000       0.000     376.388       0.000       0.000       0.000       0.000       0.000       0.000       0.000       0.000       0.250       0.000       0.000       0.000     157.169
   365    12    31  2022      40      40  hru040               481.745       0.000       0.000     188.194       0.000     188.194       0.000     304.061      12.657      18.984     272.420     376.388       0.000       0.000       1.758       0.315       0.315       0.000       0.000       0.000    1215.257       0.000       0.000       0.000       0.000       0.000     376.388       0.000       0.000       0.000       0.000       0.000       0.000       0.000       0.000       0.250       0.000       0.000       0.000     157.169
   365    12    31  2022      41      41  hru041               481.745       0.000       0.000     188.194       0.000     188.194       0.000     304.061      12.657      18.983     272.420     376.388       0.000       0.000       1.758       0.315       0.315       0.000       0.000       0.000    1215.253       0.000       0.000       0.000       0.000       0.000     376.388       0.000       0.000       0.000       0.000       0.000       0.000       0.000       0.000       0.250       0.000       0.000       0.000     157.169
   365    12    31  2022      42      42  hru042               481.745       0.000       0.000     188.194       0.000     188.194       0.000     304.061      12.657      18.983     272.420     376.388       0.000       0.000       1.758       0.315       0.315       0.000       0.000       0.000    1215.253       0.000       0.000       0.000       0.000       0.000     376.388       0.000       0.000       0.000       0.000       0.000       0.000       0.000       0.000       0.250       0.000       0.000       0.000     157.169
   365    12    31  2022      43      43  hru043               481.745       0.000       0.000     188.194       0.000     188.194       0.000     304.061      12.657      18.983     272.420     376.388       0.000       0.000       1.758       0.315       0.315       0.000       0.000       0.000    1215.253       0.000       0.000       0.000       0.000       0.000     376.388       0.000       0.000       0.000       0.000       0.000       0.000       0.000       0.000       0.250       0.000       0.000       0.000     157.169
   365    12    31  2022      44      44  hru044               481.745       0.000       0.000     188.194       0.000     188.194       0.000     304.061      12.657      18.983     272.420     376.388       0.000       0.000       1.758       0.315       0.315       0.000       0.000       0.000    1215.253       0.000       0.000       0.000       0.000       0.000     376.388       0.000       0.000       0.000       0.000       0.000       0.000       0.000       0.000       0.250       0.000       0.000       0.000     157.169
   365    12    31  2022      45      45  hru045               481.745       0.000       0.000     188.194       0.000     188.194       0.000     304.061      12.657      18.983     272.420     376.388       0.000       0.000       1.758       0.315       0.315       0.000       0.000       0.000    1215.253       0.000       0.000       0.000       0.000       0.000     376.388       0.000       0.000       0.000       0.000       0.000       0.000       0.000       0.000       0.250       0.000       0.000       0.000     157.169
   365    12    31  2022      46      46  hru046               481.745       0.000       0.000     188.194       0.000     188.194       0.000     304.060      12.657      18.984     272.419     376.388       0.000       0.000       1.758       0.315       0.315       0.000       0.000       0.000    1215.259       0.000       0.000       0.000       0.000       0.000     376.388       0.000       0.000       0.000       0.000       0.000       0.000       0.000       0.000       0.250       0.000       0.000       0.000     157.169
   365    12    31  2022      47      47  hru047               481.745       0.000       0.000     188.194       0.000     188.194       0.000     304.061      12.657      18.984     272.420     376.388       0.000       0.000       1.758       0.315       0.315       0.000       0.000       0.000    1215.256       0.000       0.000       0.000       0.000       0.000     376.388       0.000       0.000       0.000       0.000       0.000       0.000       0.000       0.000       0.250       0.000       0.000       0.000     157.169
   365    12    31  2022      48      48  hru048               481.745       0.000       0.000     188.194       0.000     188.194       0.000     304.061      12.657      18.983     272.420     376.388       0.000       0.000       1.758       0.315       0.315       0.000       0.000       0.000    1215.253       0.000       0.000       0.000       0.000       0.000     376.388       0.000       0.000       0.000       0.000       0.000       0.000       0.000       0.000       0.250       0.000       0.000       0.000     157.169
   365    12    31  2022      49      49  hru049               481.745       0.000       0.000     188.194       0.000     188.194       0.000     304.061      12.657      18.983     272.420     376.388       0.000       0.000       1.758       0.315       0.315       0.000       0.000       0.000    1215.253       0.000       0.000       0.000       0.000       0.000     376.388       0.000       0.000       0.000       0.000       0.000       0.000       0.000       0.000       0.250       0.000       0.000       0.000     157.169
   365    12    31  2022      50      50  hru050               481.745       0.000       0.000     188.194       0.000     188.194       0.000     304.061      12.657      18.984     272.420     376.388       0.000       0.000       1.758       0.315       0.315       0.000       0.000       0.000    1215.254       0.000       0.000       0.000       0.000       0.000     376.388       0.000       0.000       0.000       0.000       0.000       0.000       0.000       0.000       0.250       0.000       0.000       0.000     157.169
   365    12    31  2022      51      51  hru051               481.745       0.000       0.000     188.194       0.000     188.194       0.000     304.061      12.657      18.984     272.420     376.388       0.000       0.000       1.758       0.315       0.315       0.000       0.000       0.000    1215.255       0.000       0.000       0.000       0.000       0.000     376.388       0.000       0.000       0.000       0.000       0.000       0.000       0.000       0.000       0.250       0.000       0.000       0.000     157.169
   365    12    31  2022      52      52  hru052               481.745       0.000       0.000     188.194       0.000     188.194       0.000     304.061      12.657      18.983     272.420     376.388       0.000       0.000       1.758       0.315       0.315       0.000       0.000       0.000    1215.253       0.000       0.000       0.000       0.000       0.000     376.388       0.000       0.000       0.000       0.000       0.000       0.000       0.000       0.000       0.250       0.000       0.000       0.000     157.169
   365    12    31  2022      53      53  hru053               481.745       0.000       0.000     188.194       0.000     188.194       0.000     304.061      12.657      18.983     272.420     376.388       0.000       0.000       1.758       0.315       0.315       0.000       0.000       0.000    1215.253       0.000       0.000       0.000       0.000       0.000     376.388       0.000       0.000       0.000       0.000       0.000       0.000       0.000       0.000       0.250       0.000       0.000       0.000     157.169
   365    12    31  2022      54      54  hru054               481.745       0.000       0.000     188.194       0.000     188.194       0.000     304.061      12.657      18.983     272.420     376.388       0.000       0.000       1.758       0.315       0.315       0.000       0.000       0.000    1215.253       0.000       0.000       0.000       0.000       0.000     376.388       0.000       0.000       0.000       0.000       0.000       0.000       0.000       0.000       0.250       0.000       0.000       0.000     157.169
   365    12    31  2022      55      55  hru055               481.745       0.000       0.000     188.194       0.000     188.194       0.000     304.061      12.657      18.983     272.420     376.388       0.000       0.000       1.758       0.315       0.315       0.000       0.000       0.000    1215.253       0.000       0.000       0.000       0.000       0.000     376.388       0.000       0.000       0.000       0.000       0.000       0.000       0.000       0.000       0.250       0.000       0.000       0.000     157.169
   365    12    31  2022      56      56  hru056               481.745       0.000       0.000     188.194       0.000     188.194       0.000     304.061      12.657      18.983     272.420     376.388       0.000       0.000       1.758       0.315       0.315       0.000       0.000       0.000    1215.253       0.000       0.000       0.000       0.000       0.000     376.388       0.000       0.000       0.000       0.000       0.000       0.000       0.000       0.000       0.250       0.000       0.000       0.000     157.169
   365    12    31  2022      57      57  hru057               481.745       0.000       0.000     188.194       0.000     188.194       0.000     304.061      12.657      18.983     272.420     376.388       0.000       0.000       1.758       0.315       0.315       0.000       0.000       0.000    1215.253       0.000       0.000       0.000       0.000       0.000     376.388       0.000       0.000       0.000       0.000       0.000       0.000       0.000       0.000       0.250       0.000       0.000       0.000     157.169
   365    12    31  2022      58      58  hru058               481.745       0.000       0.000     188.194       0.000     188.194       0.000     304.061      12.657      18.983     272.420     376.388       0.000       0.000       1.758       0.315       0.315       0.000       0.000       0.000    1215.253       0.000       0.000       0.000       0.000       0.000     376.388       0.000       0.000       0.000       0.000       0.000       0.000       0.000       0.000       0.250       0.000       0.000       0.000     157.169
   365    12    31  2022      59      59  hru059               481.745       0.000       0.000     188.194       0.000     188.194       0.000     304.061      12.657      18.983     272.420     376.388       0.000       0.000       1.758       0.315       0.315       0.000       0.000       0.000    1215.253       0.000       0.000       0.000       0.000       0.000     376.388       0.000       0.000       0.000       0.000       0.000       0.000       0.000       0.000       0.250       0.000       0.000       0.000     157.169
   365    12    31  2022      60      60  hru060               481.745       0.000       0.000     188.194       0.000     188.194       0.000     304.061      12.657      18.983     272.420     376.388       0.000       0.000       1.758       0.315       0.315       0.000       0.000       0.000    1215.253       0.000       0.000       0.000       0.000       0.000     376.388       0.000       0.000       0.000       0.000       0.000       0.000       0.000       0.000       0.250       0.000       0.000       0.000     157.169
   365    12    31  2022      61      61  hru061               481.745       0.000       0.000     188.194       0.000     188.194       0.000     304.061      12.657      18.983     272.420     376.388       0.000       0.000       1.758       0.315       0.315       0.000       0.000       0.000    1215.253       0.000       0.000       0.000       0.000       0.000     376.388       0.000       0.000       0.000       0.000       0.000       0.000       0.000       0.000       0.250       0.000       0.000       0.000     157.169
   365    12    31  2022      62      62  hru062               481.745       0.000       0.000     188.194       0.000     188.194       0.000     304.061      12.657      18.983     272.420     376.388       0.000       0.000       1.758       0.315       0.315       0.000       0.000       0.000    1215.253       0.000       0.000       0.000       0.000       0.000     376.388       0.000       0.000       0.000       0.000       0.000       0.000       0.000       0.000       0.250       0.000       0.000       0.000     157.169
   365    12    31  2022      63      63  hru063               481.745       0.000       0.000     188.194       0.000     188.194       0.000     304.061      12.657      18.984     272.420     376.388       0.000       0.000       1.758       0.315       0.315       0.000       0.000       0.000    1215.256       0.000       0.000       0.000       0.000       0.000     376.388       0.000       0.000       0.000       0.000       0.000       0.000       0.000       0.000       0.250       0.000       0.000       0.000     157.169
   365    12    31  2022      64      64  hru064               481.745       0.000       0.000     188.194       0.000     188.194       0.000     304.061      12.657      18.984     272.420     376.388       0.000       0.000       1.758       0.315       0.315       0.000       0.000       0.000    1215.255       0.000       0.000       0.000       0.000       0.000     376.388       0.000       0.000       0.000       0.000       0.000       0.000       0.000       0.000       0.250       0.000       0.000       0.000     157.169
   365    12    31  2022      65      65  hru065               481.745       0.000       0.000     188.194       0.000     188.194       0.000     304.061      12.657      18.983     272.420     376.388       0.000       0.000       1.758       0.315       0.315       0.000       0.000       0.000    1215.253       0.000       0.000       0.000       0.000       0.000     376.388       0.000       0.000       0.000       0.000       0.000       0.000       0.000       0.000       0.250       0.000       0.000       0.000     157.169
   365    12    31  2022      66      66  hru066               481.745       0.000       0.000     188.194       0.000     188.194       0.000     304.061      12.657      18.983     272.420     376.388       0.000       0.000       1.758       0.315       0.315       0.000       0.000       0.000    1215.253       0.000       0.000       0.000       0.000       0.000     376.388       0.000       0.000       0.000       0.000       0.000       0.000       0.000       0.000       0.250       0.000       0.000       0.000     157.169
   365    12    31  2022      67      67  hru067               481.745       0.000       0.000     188.194       0.000     188.194       0.000     304.061      12.657      18.983     272.420     376.388       0.000       0.000       1.758       0.315       0.315       0.000       0.000       0.000    1215.253       0.000       0.000       0.000       0.000       0.000     376.388       0.000       0.000       0.000       0.000       0.000       0.000       0.000       0.000       0.250       0.000       0.000       0.000     157.169
   365    12    31  2022      68      68  hru068               481.745       0.000       0.000     188.194       0.000     188.194       0.000     304.061      12.657      18.984     272.420     376.388       0.000       0.000       1.758       0.315       0.315       0.000       0.000       0.000    1215.255       0.000       0.000       0.000       0.000       0.000     376.388       0.000       0.000       0.000       0.000       0.000       0.000       0.000       0.000       0.250       0.000       0.000       0.000     157.169
   365    12    31  2022      69      69  hru069               481.745       0.000       0.000     188.194       0.000     188.194       0.000     304.061      12.657      18.984     272.420     376.388       0.000       0.000       1.758       0.315       0.315       0.000       0.000       0.000    1215.254       0.000       0.000       0.000       0.000       0.000     376.388       0.000       0.000       0.000       0.000       0.000       0.000       0.000       0.000       0.250       0.000       0.000       0.000     157.169
   365    12    31  2022      70      70  hru070               481.745       0.000       0.000     188.194       0.000     188.194       0.000     304.061      12.657      18.984     272.419     376.388       0.000       0.000       1.758       0.315       0.315       0.000       0.000       0.000    1215.259       0.000       0.000       0.000       0.000       0.000     376.388       0.000       0.000       0.000       0.000       0.000       0.000       0.000       0.000       0.250       0.000       0.000       0.000     157.169
   365    12    31  2022      71      71  hru071               481.745       0.000       0.000     188.194       0.000     188.194       0.000     304.060      12.657      18.984     272.419     376.388       0.000       0.000       1.758       0.315       0.315       0.000       0.000       0.000    1215.259       0.000       0.000       0.000       0.000       0.000     376.388       0.000       0.000       0.000       0.000       0.000       0.000       0.000       0.000       0.250       0.000       0.000       0.000     157.169
   365    12    31  2022      72      72  hru072               481.745       0.000       0.000     188.194       0.000     188.194       0.000     304.060      12.657      18.984     272.419     376.388       0.000       0.000       1.758       0.315       0.315       0.000       0.000       0.000    1215.259       0.000       0.000       0.000       0.000       0.000     376.388       0.000       0.000       0.000       0.000       0.000       0.000       0.000       0.000       0.250       0.000       0.000       0.000     157.169
   365    12    31  2022      73      73  hru073               481.745       0.000       0.000     188.194       0.000     188.194       0.000     304.061      12.657      18.984     272.420     376.388       0.000       0.000       1.758       0.315       0.315       0.000       0.000       0.000    1215.255       0.000       0.000       0.000       0.000       0.000     376.388       0.000       0.000       0.000       0.000       0.000       0.000       0.000       0.000       0.250       0.000       0.000       0.000     157.169
   365    12    31  2022      74      74  hru074               481.745       0.000       0.000     188.194       0.000     188.194       0.000     304.061      12.657      18.984     272.420     376.388       0.000       0.000       1.758       0.315       0.315       0.000       0.000       0.000    1215.255       0.000       0.000       0.000       0.000       0.000     376.388       0.000       0.000       0.000       0.000       0.000       0.000       0.000       0.000       0.250       0.000       0.000       0.000     157.169
   365    12    31  2022      75      75  hru075               481.745       0.000       0.000     188.194       0.000     188.194       0.000     304.061      12.657      18.983     272.420     376.388       0.000       0.000       1.758       0.315       0.315       0.000       0.000       0.000    1215.253       0.000       0.000       0.000       0.000       0.000     376.388       0.000       0.000       0.000       0.000       0.000       0.000       0.000       0.000       0.250       0.000       0.000       0.000     157.169
   365    12    31  2022      76      76  hru076               481.745       0.000       0.000     188.194       0.000     188.194       0.000     304.061      12.657      18.983     272.420     376.388       0.000       0.000       1.758       0.315       0.315       0.000       0.000       0.000    1215.253       0.000       0.000       0.000       0.000       0.000     376.388       0.000       0.000       0.000       0.000       0.000       0.000       0.000       0.000       0.250       0.000       0.000       0.000     157.169
   365    12    31  2022      77      77  hru077               481.745       0.000       0.000     188.194       0.000     188.194       0.000     304.061      12.657      18.983     272.420     376.388       0.000       0.000       1.758       0.315       0.315       0.000       0.000       0.000    1215.253       0.000       0.000       0.000       0.000       0.000     376.388       0.000       0.000       0.000       0.000       0.000       0.000       0.000       0.000       0.250       0.000       0.000       0.000     157.169
   365    12    31  2022      78      78  hru078               481.745       0.000       0.000     188.194       0.000     188.194       0.000     304.061      12.657      18.983     272.420     376.388       0.000       0.000       1.758       0.315       0.315       0.000       0.000       0.000    1215.253       0.000       0.000       0.000       0.000       0.000     376.388       0.000       0.000       0.000       0.000       0.000       0.000       0.000       0.000       0.250       0.000       0.000       0.000     157.169
   365    12    31  2022      79      79  hru079               481.745       0.000       0.000     188.194       0.000     188.194       0.000     304.061      12.657      18.983     272.420     376.388       0.000       0.000       1.758       0.315       0.315       0.000       0.000       0.000    1215.253       0.000       0.000       0.000       0.000       0.000     376.388       0.000       0.000       0.000       0.000       0.000       0.000       0.000       0.000       0.250       0.000       0.000       0.000     157.169
   365    12    31  2022      80      80  hru080               481.745       0.000       0.000     188.194       0.000     188.194       0.000     304.061      12.657      18.983     272.420     376.388       0.000       0.000       1.758       0.315       0.315       0.000       0.000       0.000    1215.253       0.000       0.000       0.000       0.000       0.000     376.388       0.000       0.000       0.000       0.000       0.000       0.000       0.000       0.000       0.250       0.000       0.000       0.000     157.169
   365    12    31  2022      81      81  hru081               481.745       0.000       0.000     188.194       0.000     188.194       0.000     304.061      12.657      18.984     272.420     376.388       0.000       0.000       1.758       0.315       0.315       0.000       0.000       0.000    1215.254       0.000       0.000       0.000       0.000       0.000     376.388       0.000       0.000       0.000       0.000       0.000       0.000       0.000       0.000       0.250       0.000       0.000       0.000     157.169
   365    12    31  2022      82      82  hru082               481.745       0.000       0.000     188.194       0.000     188.194       0.000     304.061      12.657      18.984     272.420     376.388       0.000       0.000       1.758       0.315       0.315       0.000       0.000       0.000    1215.255       0.000       0.000       0.000       0.000       0.000     376.388       0.000       0.000       0.000       0.000       0.000       0.000       0.000       0.000       0.250       0.000       0.000       0.000     157.169
   365    12    31  2022      83      83  hru083               481.745       0.000       0.000     188.194       0.000     188.194       0.000     304.061      12.657      18.984     272.420     376.388       0.000       0.000       1.758       0.315       0.315       0.000       0.000       0.000    1215.254       0.000       0.000       0.000       0.000       0.000     376.388       0.000       0.000       0.000       0.000       0.000       0.000       0.000       0.000       0.250       0.000       0.000       0.000     157.169
   365    12    31  2022      84      84  hru084               481.745       0.000       0.000     188.194       0.000     188.194       0.000     304.061      12.657      18.983     272.420     376.388       0.000       0.000       1.758       0.315       0.315       0.000       0.000       0.000    1215.253       0.000       0.000       0.000       0.000       0.000     376.388       0.000       0.000       0.000       0.000       0.000       0.000       0.000       0.000       0.250       0.000       0.000       0.000     157.169
   365    12    31  2022      85      85  hru085               481.745       0.000       0.000     188.194       0.000     188.194       0.000     304.061      12.657      18.983     272.420     376.388       0.000       0.000       1.758       0.315       0.315       0.000       0.000       0.000    1215.253       0.000       0.000       0.000       0.000       0.000     376.388       0.000       0.000       0.000       0.000       0.000       0.000       0.000       0.000       0.250       0.000       0.000       0.000     157.169
   365    12    31  2022      86      86  hru086               481.745       0.000       0.000     188.194       0.000     188.194       0.000     304.061      12.657      18.983     272.420     376.388       0.000       0.000       1.758       0.315       0.315       0.000       0.000       0.000    1215.253       0.000       0.000       0.000       0.000       0.000     376.388       0.000       0.000       0.000       0.000       0.000       0.000       0.000       0.000       0.250       0.000       0.000       0.000     157.169
   365    12    31  2022      87      87  hru087               481.745       0.000       0.000     188.194       0.000     188.194       0.000     304.061      12.657      18.984     272.420     376.388       0.000       0.000       1.758       0.315       0.315       0.000       0.000       0.000    1215.255       0.000       0.000       0.000       0.000       0.000     376.388       0.000       0.000       0.000       0.000       0.000       0.000       0.000       0.000       0.250       0.000       0.000       0.000     157.169
   365    12    31  2022      88      88  hru088               481.745       0.000       0.000     188.194       0.000     188.194       0.000     304.061      12.657      18.983     272.420     376.388       0.000       0.000       1.758       0.315       0.315       0.000       0.000       0.000    1215.253       0.000       0.000       0.000       0.000       0.000     376.388       0.000       0.000       0.000       0.000       0.000       0.000       0.000       0.000       0.250       0.000       0.000       0.000     157.169
   365    12    31  2022      89      89  hru089               481.745       0.000       0.000     188.194       0.000     188.194       0.000     304.061      12.657      18.983     272.420     376.388       0.000       0.000       1.758       0.315       0.315       0.000       0.000       0.000    1215.253       0.000       0.000       0.000       0.000       0.000     376.388       0.000       0.000       0.000       0.000       0.000       0.000       0.000       0.000       0.250       0.000       0.000       0.000     157.169
   365    12    31  2022      90      90  hru090               481.745       0.000       0.000     188.194       0.000     188.194       0.000     304.061      12.657      18.983     272.420     376.388       0.000       0.000       1.758       0.315       0.315       0.000       0.000       0.000    1215.253       0.000       0.000       0.000       0.000       0.000     376.388       0.000       0.000       0.000       0.000       0.000       0.000       0.000       0.000       0.250       0.000       0.000       0.000     157.169
   365    12    31  2022      91      91  hru091               481.745       0.000       0.000     188.194       0.000     188.194       0.000     304.061      12.657      18.983     272.420     376.388       0.000       0.000       1.758       0.315       0.315       0.000       0.000       0.000    1215.253       0.000       0.000       0.000       0.000       0.000     376.388       0.000       0.000       0.000       0.000       0.000       0.000       0.000       0.000       0.250       0.000       0.000       0.000     157.169
   365    12    31  2022      92      92  hru092               481.745       0.000       0.000     188.194       0.000     188.194       0.000     304.061      12.657      18.984     272.420     376.388       0.000       0.000       1.758       0.315       0.315       0.000       0.000       0.000    1215.254       0.000       0.000       0.000       0.000       0.000     376.388       0.000       0.000       0.000       0.000       0.000       0.000       0.000       0.000       0.250       0.000       0.000       0.000     157.169
   365    12    31  2022      93      93  hru093               481.745       0.000       0.000     188.194       0.000     188.194       0.000     304.061      12.657      18.984     272.420     376.388       0.000       0.000       1.758       0.315       0.315       0.000       0.000       0.000    1215.254       0.000       0.000       0.000       0.000       0.000     376.388       0.000       0.000       0.000       0.000       0.000       0.000       0.000       0.000       0.250       0.000       0.000       0.000     157.169
   365    12    31  2022      94      94  hru094               481.745       0.000       0.000     188.194       0.000     188.194       0.000     304.061      12.657      18.984     272.420     376.388       0.000       0.000       1.758       0.315       0.315       0.000       0.000       0.000    1215.255       0.000       0.000       0.000       0.000       0.000     376.388       0.000       0.000       0.000       0.000       0.000       0.000       0.000       0.000       0.250       0.000       0.000       0.000     157.169
   365    12    31  2022      95      95  hru095               481.745       0.000       0.000     188.194       0.000     188.194       0.000     304.061      12.657      18.984     272.420     376.388       0.000       0.000       1.758       0.315       0.315       0.000       0.000       0.000    1215.254       0.000       0.000       0.000       0.000       0.000     376.388       0.000       0.000       0.000       0.000       0.000       0.000       0.000       0.000       0.250       0.000       0.000       0.000     157.169
   365    12    31  2022      96      96  hru096               481.745       0.000       0.000     188.194       0.000     188.194       0.000     304.061      12.657      18.983     272.420     376.388       0.000       0.000       1.758       0.315       0.315       0.000       0.000       0.000    1215.253       0.000       0.000       0.000       0.000       0.000     376.388       0.000       0.000       0.000       0.000       0.000       0.000       0.000       0.000       0.250       0.000       0.000       0.000     157.169
   365    12    31  2022      97      97  hru097               481.745       0.000       0.000     188.194       0.000     188.194       0.000     304.061      12.657      18.983     272.420     376.388       0.000       0.000       1.758       0.315       0.315       0.000       0.000       0.000    1215.253       0.000       0.000       0.000       0.000       0.000     376.388       0.000       0.000       0.000       0.000       0.000       0.000       0.000       0.000       0.250       0.000       0.000       0.000     157.169
   365    12    31  2022      98      98  hru098               481.745       0.000       0.000     188.194       0.000     188.194       0.000     304.061      12.657      18.983     272.420     376.388       0.000       0.000       1.758       0.315       0.315       0.000       0.000       0.000    1215.253       0.000       0.000       0.000       0.000       0.000     376.388       0.000       0.000       0.000       0.000       0.000       0.000       0.000       0.000       0.250       0.000       0.000       0.000     157.169
   365    12    31  2022      99      99  hru099               481.745       0.000       0.000     188.194       0.000     188.194       0.000     304.061      12.657      18.983     272.420     376.388       0.000       0.000       1.758       0.315       0.315       0.000       0.000       0.000    1215.253       0.000       0.000       0.000       0.000       0.000     376.388       0.000       0.000       0.000       0.000       0.000       0.000       0.000       0.000       0.250       0.000       0.000       0.000     157.169
   365    12    31  2022     100     100  hru100               481.745       0.000       0.000     188.194       0.000     188.194       0.000     304.061      12.657      18.983     272.420     376.388       0.000       0.000       1.758       0.315       0.315       0.000       0.000       0.000    1215.253       0.000       0.000       0.000       0.000       0.000     376.388       0.000       0.000       0.000       0.000       0.000       0.000       0.000       0.000       0.250       0.000       0.000       0.000     157.169
   365    12    31  2022     101     101  hru101               481.745       0.000       0.000     188.194       0.000     188.194       0.000     304.061      12.657      18.983     272.420     376.388       0.000       0.000       1.758       0.315       0.315       0.000       0.000       0.000    1215.253       0.000       0.000       0.000       0.000       0.000     376.388       0.000       0.000       0.000       0.000       0.000       0.000       0.000       0.000       0.250       0.000       0.000       0.000     157.169
   365    12    31  2022     102     102  hru102               481.745       0.000       0.000     188.194       0.000     188.194       0.000     304.061      12.657      18.983     272.420     376.388       0.000       0.000       1.758       0.315       0.315       0.000       0.000       0.000    1215.253       0.000       0.000       0.000       0.000       0.000     376.388       0.000       0.000       0.000       0.000       0.000       0.000       0.000       0.000       0.250       0.000       0.000       0.000     157.169
   365    12    31  2022     103     103  hru103               481.745       0.000       0.000     188.194       0.000     188.194       0.000     304.061      12.657      18.983     272.420     376.388       0.000       0.000       1.758       0.315       0.315       0.000       0.000       0.000    1215.253       0.000       0.000       0.000       0.000       0.000     376.388       0.000       0.000       0.000       0.000       0.000       0.000       0.000       0.000       0.250       0.000       0.000       0.000     157.169
   365    12    31  2022     104     104  hru104               481.745       0.000       0.000     188.194       0.000     188.194       0.000     304.061      12.657      18.983     272.420     376.388       0.000       0.000       1.758       0.315       0.315       0.000       0.000       0.000    1215.253       0.000       0.000       0.000       0.000       0.000     376.388       0.000       0.000       0.000       0.000       0.000       0.000       0.000       0.000       0.250       0.000       0.000       0.000     157.169
   365    12    31  2022     105     105  hru105               481.745       0.000       0.000     188.194       0.000     188.194       0.000     304.061      12.657      18.983     272.420     376.388       0.000       0.000       1.758       0.315       0.315       0.000       0.000       0.000    1215.253       0.000       0.000       0.000       0.000       0.000     376.388       0.000       0.000       0.000       0.000       0.000       0.000       0.000       0.000       0.250       0.000       0.000       0.000     157.169
   365    12    31  2022     106     106  hru106               481.745       0.000       0.000     188.194       0.000     188.194       0.000     304.061      12.657      18.983     272.420     376.388       0.000       0.000       1.758       0.315       0.315       0.000       0.000       0.000    1215.253       0.000       0.000       0.000       0.000       0.000     376.388       0.000       0.000       0.000       0.000       0.000       0.000       0.000       0.000       0.250       0.000       0.000       0.000     157.169
   365    12    31  2022     107     107  hru107               481.745       0.000       0.000     188.194       0.000     188.194       0.000     304.061      12.657      18.983     272.420     376.388       0.000       0.000       1.758       0.315       0.315       0.000       0.000       0.000    1215.253       0.000       0.000       0.000       0.000       0.000     376.388       0.000       0.000       0.000       0.000       0.000       0.000       0.000       0.000       0.250       0.000       0.000       0.000     157.169
   365    12    31  2022     108     108  hru108               481.745       0.000       0.000     188.194       0.000     188.194       0.000     304.061      12.657      18.983     272.420     376.388       0.000       0.000       1.758       0.315       0.315       0.000       0.000       0.000    1215.253       0.000       0.000       0.000       0.000       0.000     376.388       0.000       0.000       0.000       0.000       0.000       0.000       0.000       0.000       0.250       0.000       0.000       0.000     157.169
   365    12    31  2022     109     109  hru109               481.745       0.000       0.000     188.194       0.000     188.194       0.000     304.061      12.657      18.983     272.420     376.388       0.000       0.000       1.758       0.315       0.315       0.000       0.000       0.000    1215.253       0.000       0.000       0.000       0.000       0.000     376.388       0.000       0.000       0.000       0.000       0.000       0.000       0.000       0.000       0.250       0.000       0.000       0.000     157.169
   365    12    31  2022     110     110  hru110               481.745       0.000       0.000     188.194       0.000     188.194       0.000     304.061      12.657      18.983     272.420     376.388       0.000       0.000       1.758       0.315       0.315       0.000       0.000       0.000    1215.253       0.000       0.000       0.000       0.000       0.000     376.388       0.000       0.000       0.000       0.000       0.000       0.000       0.000       0.000       0.250       0.000       0.000       0.000     157.169
   365    12    31  2022     111     111  hru111               481.745       0.000       0.000     188.194       0.000     188.194       0.000     304.061      12.657      18.983     272.420     376.388       0.000       0.000       1.758       0.315       0.315       0.000       0.000       0.000    1215.253       0.000       0.000       0.000       0.000       0.000     376.388       0.000       0.000       0.000       0.000       0.000       0.000       0.000       0.000       0.250       0.000       0.000       0.000     157.169
   365    12    31  2022     112     112  hru112               481.745       0.000       0.000     188.194       0.000     188.194       0.000     304.061      12.657      18.983     272.420     376.388       0.000       0.000       1.758       0.315       0.315       0.000       0.000       0.000    1215.253       0.000       0.000       0.000       0.000       0.000     376.388       0.000       0.000       0.000       0.000       0.000       0.000       0.000       0.000       0.250       0.000       0.000       0.000     157.169
   365    12    31  2022     113     113  hru113               481.745       0.000       0.000     188.194       0.000     188.194       0.000     304.061      12.657      18.983     272.420     376.388       0.000       0.000       1.758       0.315       0.315       0.000       0.000       0.000    1215.253       0.000       0.000       0.000       0.000       0.000     376.388       0.000       0.000       0.000       0.000       0.000       0.000       0.000       0.000       0.250       0.000       0.000       0.000     157.169
   365    12    31  2022     114     114  hru114               481.745       0.000       0.000     188.194       0.000     188.194       0.000     304.061      12.657      18.983     272.420     376.388       0.000       0.000       1.758       0.315       0.315       0.000       0.000       0.000    1215.253       0.000       0.000       0.000       0.000       0.000     376.388       0.000       0.000       0.000       0.000       0.000       0.000       0.000       0.000       0.250       0.000       0.000       0.000     157.169
   365    12    31  2022     115     115  hru115               481.745       0.000       0.000     188.194       0.000     188.194       0.000     304.061      12.657      18.983     272.420     376.388       0.000       0.000       1.758       0.315       0.315       0.000       0.000       0.000    1215.253       0.000       0.000       0.000       0.000       0.000     376.388       0.000       0.000       0.000       0.000       0.000       0.000       0.000       0.000       0.250       0.000       0.000       0.000     157.169
   365    12    31  2022     116     116  hru116               481.745       0.000       0.000     188.194       0.000     188.194       0.000     304.061      12.657      18.983     272.420     376.388       0.000       0.000       1.758       0.315       0.315       0.000       0.000       0.000    1215.253       0.000       0.000       0.000       0.000       0.000     376.388       0.000       0.000       0.000       0.000       0.000       0.000       0.000       0.000       0.250       0.000       0.000       0.000     157.169
   365    12    31  2022     117     117  hru117               481.745       0.000       0.000     188.194       0.000     188.194       0.000     304.061      12.657      18.983     272.420     376.388       0.000       0.000       1.758       0.315       0.315       0.000       0.000       0.000    1215.253       0.000       0.000       0.000       0.000       0.000     376.388       0.000       0.000       0.000       0.000       0.000       0.000       0.000       0.000       0.250       0.000       0.000       0.000     157.169
   365    12    31  2022     118     118  hru118               481.745       0.000       0.000     188.194       0.000     188.194       0.000     304.061      12.657      18.984     272.420     376.388       0.000       0.000       1.758       0.315       0.315       0.000       0.000       0.000    1215.254       0.000       0.000       0.000       0.000       0.000     376.388       0.000       0.000       0.000       0.000       0.000       0.000       0.000       0.000       0.250       0.000       0.000       0.000     157.169
   365    12    31  2022     119     119  hru119               481.745       0.000       0.000     188.194       0.000     188.194       0.000     304.061      12.657      18.984     272.420     376.388       0.000       0.000       1.758       0.315       0.315       0.000       0.000       0.000    1215.254       0.000       0.000       0.000       0.000       0.000     376.388       0.000       0.000       0.000       0.000       0.000       0.000       0.000       0.000       0.250       0.000       0.000       0.000     157.169
   365    12    31  2022     120     120  hru120               481.745       0.000       0.000     188.194       0.000     188.194       0.000     304.061      12.657      18.984     272.420     376.388       0.000       0.000       1.758       0.315       0.315       0.000       0.000       0.000    1215.255       0.000       0.000       0.000       0.000       0.000     376.388       0.000       0.000       0.000       0.000       0.000       0.000       0.000       0.000       0.250       0.000       0.000       0.000     157.169
   365    12    31  2022     121     121  hru121               481.745       0.000       0.000     188.194       0.000     188.194       0.000     304.061      12.657      18.984     272.420     376.388       0.000       0.000       1.758       0.315       0.315       0.000       0.000       0.000    1215.254       0.000       0.000       0.000       0.000       0.000     376.388       0.000       0.000       0.000       0.000       0.000       0.000       0.000       0.000       0.250       0.000       0.000       0.000     157.169
   365    12    31  2022     122     122  hru122               481.745       0.000       0.000     188.194       0.000     188.194       0.000     304.061      12.657      18.983     272.420     376.388       0.000       0.000       1.758       0.315       0.315       0.000       0.000       0.000    1215.253       0.000       0.000       0.000       0.000       0.000     376.388       0.000       0.000       0.000       0.000       0.000       0.000       0.000       0.000       0.250       0.000       0.000       0.000     157.169
   365    12    31  2022     123     123  hru123               481.745       0.000       0.000     188.194       0.000     188.194       0.000     304.061      12.657      18.983     272.420     376.388       0.000       0.000       1.758       0.315       0.315       0.000       0.000       0.000    1215.253       0.000       0.000       0.000       0.000       0.000     376.388       0.000       0.000       0.000       0.000       0.000       0.000       0.000       0.000       0.250       0.000       0.000       0.000     157.169
   365    12    31  2022     124     124  hru124               481.745       0.000       0.000     188.194       0.000     188.194       0.000     304.061      12.657      18.984     272.420     376.388       0.000       0.000       1.758       0.315       0.315       0.000       0.000       0.000    1215.254       0.000       0.000       0.000       0.000       0.000     376.388       0.000       0.000       0.000       0.000       0.000       0.000       0.000       0.000       0.250       0.000       0.000       0.000     157.169
   365    12    31  2022     125     125  hru125               481.745       0.000       0.000     188.194       0.000     188.194       0.000     304.061      12.657      18.984     272.420     376.388       0.000       0.000       1.758       0.315       0.315       0.000       0.000       0.000    1215.254       0.000       0.000       0.000       0.000       0.000     376.388       0.000       0.000       0.000       0.000       0.000       0.000       0.000       0.000       0.250       0.000       0.000       0.000     157.169
   365    12    31  2022     126     126  hru126               481.745       0.000       0.000     188.194       0.000     188.194       0.000     304.061      12.657      18.983     272.420     376.388       0.000       0.000       1.758       0.315       0.315       0.000       0.000       0.000    1215.253       0.000       0.000       0.000       0.000       0.000     376.388       0.000       0.000       0.000       0.000       0.000       0.000       0.000       0.000       0.250       0.000       0.000       0.000     157.169
   365    12    31  2022     127     127  hru127               481.745       0.000       0.000     188.194       0.000     188.194       0.000     304.061      12.657      18.983     272.420     376.388       0.000       0.000       1.758       0.315       0.315       0.000       0.000       0.000    1215.253       0.000       0.000       0.000       0.000       0.000     376.388       0.000       0.000       0.000       0.000       0.000       0.000       0.000       0.000       0.250       0.000       0.000       0.000     157.169
   365    12    31  2022     128     128  hru128               481.745       0.000       0.000     188.194       0.000     188.194       0.000     304.061      12.657      18.983     272.420     376.388       0.000       0.000       1.758       0.315       0.315       0.000       0.000       0.000    1215.253       0.000       0.000       0.000       0.000       0.000     376.388       0.000       0.000       0.000       0.000       0.000       0.000       0.000       0.000       0.250       0.000       0.000       0.000     157.169
   365    12    31  2022     129     129  hru129               481.745       0.000       0.000     188.194       0.000     188.194       0.000     304.061      12.657      18.983     272.420     376.388       0.000       0.000       1.758       0.315       0.315       0.000       0.000       0.000    1215.253       0.000       0.000       0.000       0.000       0.000     376.388       0.000       0.000       0.000       0.000       0.000       0.000       0.000       0.000       0.250       0.000       0.000       0.000     157.169
   365    12    31  2022     130     130  hru130               481.745       0.000       0.000     188.194       0.000     188.194       0.000     304.061      12.657      18.983     272.420     376.388       0.000       0.000       1.758       0.315       0.315       0.000       0.000       0.000    1215.253       0.000       0.000       0.000       0.000       0.000     376.388       0.000       0.000       0.000       0.000       0.000       0.000       0.000       0.000       0.250       0.000       0.000       0.000     157.169
   365    12    31  2022     131     131  hru131               481.745       0.000       0.000     188.194       0.000     188.194       0.000     304.061      12.657      18.983     272.420     376.388       0.000       0.000       1.758       0.315       0.315       0.000       0.000       0.000    1215.253       0.000       0.000       0.000       0.000       0.000     376.388       0.000       0.000       0.000       0.000       0.000       0.000       0.000       0.000       0.250       0.000       0.000       0.000     157.169
   365    12    31  2022     132     132  hru132               481.745       0.000       0.000     188.194       0.000     188.194       0.000     304.061      12.657      18.983     272.420     376.388       0.000       0.000       1.758       0.315       0.315       0.000       0.000       0.000    1215.253       0.000       0.000       0.000       0.000       0.000     376.388       0.000       0.000       0.000       0.000       0.000       0.000       0.000       0.000       0.250       0.000       0.000       0.000     157.169
   365    12    31  2022     133     133  hru133               481.745       0.000       0.000     188.194       0.000     188.194       0.000     304.061      12.657      18.983     272.420     376.388       0.000       0.000       1.758       0.315       0.315       0.000       0.000       0.000    1215.253       0.000       0.000       0.000       0.000       0.000     376.388       0.000       0.000       0.000       0.000       0.000       0.000       0.000       0.000       0.250       0.000       0.000       0.000     157.169
   365    12    31  2022     134     134  hru134               481.745       0.000       0.000     188.194       0.000     188.194       0.000     304.061      12.657      18.983     272.420     376.388       0.000       0.000       1.758       0.315       0.315       0.000       0.000       0.000    1215.253       0.000       0.000       0.000       0.000       0.000     376.388       0.000       0.000       0.000       0.000       0.000       0.000       0.000       0.000       0.250       0.000       0.000       0.000     157.169
   365    12    31  2022     135     135  hru135               481.745       0.000       0.000     188.194       0.000     188.194       0.000     304.061      12.657      18.983     272.420     376.388       0.000       0.000       1.758       0.315       0.315       0.000       0.000       0.000    1215.253       0.000       0.000       0.000       0.000       0.000     376.388       0.000       0.000       0.000       0.000       0.000       0.000       0.000       0.000       0.250       0.000       0.000       0.000     157.169
   365    12    31  2022     136     136  hru136               481.745       0.000       0.000     188.194       0.000     188.194       0.000     304.061      12.657      18.983     272.420     376.388       0.000       0.000       1.758       0.315       0.315       0.000       0.000       0.000    1215.253       0.000       0.000       0.000       0.000       0.000     376.388       0.000       0.000       0.000       0.000       0.000       0.000       0.000       0.000       0.250       0.000       0.000       0.000     157.169
   365    12    31  2022     137     137  hru137               481.745       0.000       0.000     188.194       0.000     188.194       0.000     304.061      12.657      18.983     272.420     376.388       0.000       0.000       1.758       0.315       0.315       0.000       0.000       0.000    1215.253       0.000       0.000       0.000       0.000       0.000     376.388       0.000       0.000       0.000       0.000       0.000       0.000       0.000       0.000       0.250       0.000       0.000       0.000     157.169
   365    12    31  2022     138     138  hru138               481.745       0.000       0.000     188.194       0.000     188.194       0.000     304.061      12.657      18.983     272.420     376.388       0.000       0.000       1.758       0.315       0.315       0.000       0.000       0.000    1215.253       0.000       0.000       0.000       0.000       0.000     376.388       0.000       0.000       0.000       0.000       0.000       0.000       0.000       0.000       0.250       0.000       0.000       0.000     157.169
   365    12    31  2022     139     139  hru139               481.745       0.000       0.000     188.194       0.000     188.194       0.000     304.061      12.657      18.983     272.420     376.388       0.000       0.000       1.758       0.315       0.315       0.000       0.000       0.000    1215.253       0.000       0.000       0.000       0.000       0.000     376.388       0.000       0.000       0.000       0.000       0.000       0.000       0.000       0.000       0.250       0.000       0.000       0.000     157.169
   365    12    31  2022     140     140  hru140               481.745       0.000       0.000     188.194       0.000     188.194       0.000     304.061      12.657      18.983     272.420     376.388       0.000       0.000       1.758       0.315       0.315       0.000       0.000       0.000    1215.253       0.000       0.000       0.000       0.000       0.000     376.388       0.000       0.000       0.000       0.000       0.000       0.000       0.000       0.000       0.250       0.000       0.000       0.000     157.169
   365    12    31  2022     141     141  hru141               481.745       0.000       0.000     188.194       0.000     188.194       0.000     304.061      12.657      18.983     272.420     376.388       0.000       0.000       1.758       0.315       0.315       0.000       0.000       0.000    1215.253       0.000       0.000       0.000       0.000       0.000     376.388       0.000       0.000       0.000       0.000       0.000       0.000       0.000       0.000       0.250       0.000       0.000       0.000     157.169
   365    12    31  2022     142     142  hru142               481.745       0.000       0.000     188.194       0.000     188.194       0.000     304.061      12.657      18.983     272.420     376.388       0.000       0.000       1.758       0.315       0.315       0.000       0.000       0.000    1215.253       0.000       0.000       0.000       0.000       0.000     376.388       0.000       0.000       0.000       0.000       0.000       0.000       0.000       0.000       0.250       0.000       0.000       0.000     157.169
   365    12    31  2022     143     143  hru143               481.745       0.000       0.000     188.194       0.000     188.194       0.000     304.061      12.657      18.983     272.420     376.388       0.000       0.000       1.758       0.315       0.315       0.000       0.000       0.000    1215.253       0.000       0.000       0.000       0.000       0.000     376.388       0.000       0.000       0.000       0.000       0.000       0.000       0.000       0.000       0.250       0.000       0.000       0.000     157.169
   365    12    31  2022     144     144  hru144               481.745       0.000       0.000     188.194       0.000     188.194       0.000     304.061      12.657      18.983     272.420     376.388       0.000       0.000       1.758       0.315       0.315       0.000       0.000       0.000    1215.253       0.000       0.000       0.000       0.000       0.000     376.388       0.000       0.000       0.000       0.000       0.000       0.000       0.000       0.000       0.250       0.000       0.000       0.000     157.169
   365    12    31  2022     145     145  hru145               481.745       0.000       0.000     188.194       0.000     188.194       0.000     304.061      12.657      18.983     272.420     376.388       0.000       0.000       1.758       0.315       0.315       0.000       0.000       0.000    1215.253       0.000       0.000       0.000       0.000       0.000     376.388       0.000       0.000       0.000       0.000       0.000       0.000       0.000       0.000       0.250       0.000       0.000       0.000     157.169
