 Comunidad_de_riego_Turia_ SWAT+ Jun 13 2023       MODULAR Rev 2023.60.5.7                                
        jday         mon         day          yr   name        type              flo            sed           orgn           sedp            no3           solp           chla            nh3            no2           cbod            dox            san            sil            cla            sag            lag            grv           null
                                                                               m^3/s           tons            kgN            kgP            kgN            kgP             kg            kgN            kgN             kg             kg           tons           tons           tons           tons           tons           tons           degc
         365          12          31        2022 rtu010          ru         139724.6      1.4127428E-02  5.0068415E-06  1.5020535E-05   470.8948       17.64243      0.0000000E+00  0.0000000E+00  0.0000000E+00  0.0000000E+00  0.0000000E+00  4.6524731E-04  4.6524731E-04  4.6524731E-04  4.6524731E-04  4.6524731E-04  0.0000000E+00  4.2529151E-02
         365          12          31        2022 rtu020          ru         27636.30      2.0775029E-03  1.1679924E-06  3.5039791E-06   93.11674       3.488728      0.0000000E+00  0.0000000E+00  0.0000000E+00  0.0000000E+00  0.0000000E+00  4.5429179E-04  4.5429179E-04  4.5429179E-04  4.5429179E-04  4.5429179E-04  0.0000000E+00  4.2529337E-02
         365          12          31        2022 rtu030          ru         84.68728      5.7068214E-06  6.2589107E-09  1.8776731E-08  0.2003636      7.5067030E-03  0.0000000E+00  0.0000000E+00  0.0000000E+00  0.0000000E+00  0.0000000E+00  5.5158645E-04  5.5158645E-04  5.5158645E-04  5.5158645E-04  5.5158645E-04  0.0000000E+00  4.2529065E-02
         365          12          31        2022 rtu040          ru         4083.804      5.3463876E-03  5.1298201E-07  1.5389468E-06   11.57606      0.4337095      0.0000000E+00  0.0000000E+00  0.0000000E+00  0.0000000E+00  0.0000000E+00  8.0048421E-04  8.0048421E-04  8.0048421E-04  8.0048421E-04  8.0048421E-04  0.0000000E+00  4.2529300E-02
         365          12          31        2022 rtu050          ru         122.3264      1.7547924E-05  1.1096144E-08  3.3288458E-08  0.2959965      1.1089628E-02  0.0000000E+00  0.0000000E+00  0.0000000E+00  0.0000000E+00  0.0000000E+00  6.6468521E-04  6.6468521E-04  6.6468521E-04  6.6468521E-04  6.6468521E-04  0.0000000E+00  4.2529061E-02
         365          12          31        2022 rtu060          ru         1674.926      1.0547535E-03  1.7577946E-07  5.2733856E-07   4.448025      0.1666522      0.0000000E+00  0.0000000E+00  0.0000000E+00  0.0000000E+00  0.0000000E+00  7.1931141E-04  7.1931141E-04  7.1931141E-04  7.1931141E-04  7.1931141E-04  0.0000000E+00  4.2529467E-02
         365          12          31        2022 rtu070          ru         27448.09      2.4379736E-03  1.4198894E-06  4.2596685E-06   93.74384       3.512233      0.0000000E+00  0.0000000E+00  0.0000000E+00  0.0000000E+00  0.0000000E+00  1.9470537E-04  1.9470537E-04  1.9470537E-04  1.9470537E-04  1.9470537E-04  0.0000000E+00  4.2529382E-02
         365          12          31        2022 rtu080          ru         30205.13      2.7114244E-03  1.5505739E-06  4.6517234E-06   103.1604       3.865022      0.0000000E+00  0.0000000E+00  0.0000000E+00  0.0000000E+00  0.0000000E+00  1.9321812E-04  1.9321812E-04  1.9321812E-04  1.9321812E-04  1.9321812E-04  0.0000000E+00  4.2529341E-02
         365          12          31        2022 rtu090          ru         41506.18      3.7235506E-03  2.0110681E-06  6.0332063E-06   141.7572       5.311095      0.0000000E+00  0.0000000E+00  0.0000000E+00  0.0000000E+00  0.0000000E+00  1.8236843E-04  1.8236843E-04  1.8236843E-04  1.8236843E-04  1.8236843E-04  0.0000000E+00  4.2529318E-02
         365          12          31        2022 rtu100          ru         61350.93      5.5134282E-03  2.7677406E-06  8.3032246E-06   209.5328       7.850409      0.0000000E+00  0.0000000E+00  0.0000000E+00  0.0000000E+00  0.0000000E+00  3.7744758E-04  3.7744758E-04  3.7744758E-04  3.7744758E-04  3.7744758E-04  0.0000000E+00  4.2529367E-02
         365          12          31        2022 rtu110          ru         116952.7      1.0608312E-02  4.6172750E-06  1.3851828E-05   398.5361       14.93157      0.0000000E+00  0.0000000E+00  0.0000000E+00  0.0000000E+00  0.0000000E+00  4.5648453E-04  4.5648453E-04  4.5648453E-04  4.5648453E-04  4.5648453E-04  0.0000000E+00  4.2529289E-02
         365          12          31        2022 rtu120          ru         10999.94      9.7409892E-04  6.6137818E-07  1.9841343E-06   37.56787       1.407543      0.0000000E+00  0.0000000E+00  0.0000000E+00  0.0000000E+00  0.0000000E+00  2.2630570E-04  2.2630570E-04  2.2630570E-04  2.2630570E-04  2.2630570E-04  0.0000000E+00  4.2529508E-02
         365          12          31        2022 rtu130          ru         9042.719      9.2568132E-04  6.3416701E-07  1.9025020E-06   30.88446       1.157099      0.0000000E+00  0.0000000E+00  0.0000000E+00  0.0000000E+00  0.0000000E+00  4.7082454E-04  4.7082454E-04  4.7082454E-04  4.7082454E-04  4.7082454E-04  0.0000000E+00  4.2529061E-02
         365          12          31        2022 rtu140          ru         271564.2      2.4086708E-02  8.9853293E-06  2.6955990E-05   923.5864       34.60293      0.0000000E+00  0.0000000E+00  0.0000000E+00  0.0000000E+00  0.0000000E+00  4.4942889E-04  4.4942889E-04  4.4942889E-04  4.4942889E-04  4.4942889E-04  0.0000000E+00  4.2529155E-02
         365          12          31        2022 rtu150          ru         47.04848      6.6469415E-06  3.6986367E-09  1.1095916E-08  0.1204250      4.5117703E-03  0.0000000E+00  0.0000000E+00  0.0000000E+00  0.0000000E+00  0.0000000E+00  5.8560120E-04  5.8560120E-04  5.8560120E-04  5.8560120E-04  5.8560120E-04  0.0000000E+00  4.2529061E-02
         365          12          31        2022 rtu160          ru         50652.45      4.2581055E-03  2.1953042E-06  6.5859122E-06   172.1618       6.450286      0.0000000E+00  0.0000000E+00  0.0000000E+00  0.0000000E+00  0.0000000E+00  4.8118882E-04  4.8118882E-04  4.8118882E-04  4.8118882E-04  4.8118882E-04  0.0000000E+00  4.2529423E-02
         365          12          31        2022 rtu170          ru         151844.4      1.4174579E-02  5.7859002E-06  1.7357699E-05   513.5574       19.24074      0.0000000E+00  0.0000000E+00  0.0000000E+00  0.0000000E+00  0.0000000E+00  4.6770618E-04  4.6770618E-04  4.6770618E-04  4.6770618E-04  4.6770618E-04  0.0000000E+00  4.2529114E-02
         365          12          31        2022 rtu180          ru         160323.1      1.2173365E-02  5.1133161E-06  1.5339951E-05   545.1680       20.42507      0.0000000E+00  0.0000000E+00  0.0000000E+00  0.0000000E+00  0.0000000E+00  4.0920157E-04  4.0920157E-04  4.0920157E-04  4.0920157E-04  4.0920157E-04  0.0000000E+00  4.2529080E-02
         365          12          31        2022 rtu190          ru         64917.83      5.3262659E-03  2.6598461E-06  7.9795373E-06   221.7189       8.306820      0.0000000E+00  0.0000000E+00  0.0000000E+00  0.0000000E+00  0.0000000E+00  3.6196198E-04  3.6196198E-04  3.6196198E-04  3.6196198E-04  3.6196198E-04  0.0000000E+00  4.2529114E-02
         365          12          31        2022 rtu200          ru         142265.4      9.9141188E-03  4.1675062E-06  1.2502519E-05   485.8806       18.20387      0.0000000E+00  0.0000000E+00  0.0000000E+00  0.0000000E+00  0.0000000E+00  2.9258046E-04  2.9258046E-04  2.9258046E-04  2.9258046E-04  2.9258046E-04  0.0000000E+00  4.2529065E-02
         365          12          31        2022 rtu210          ru         235251.6      2.1037035E-02  8.1986291E-06  2.4595880E-05   800.2923       29.98372      0.0000000E+00  0.0000000E+00  0.0000000E+00  0.0000000E+00  0.0000000E+00  4.3967727E-04  4.3967727E-04  4.3967727E-04  4.3967727E-04  4.3967727E-04  0.0000000E+00  4.2529229E-02
         365          12          31        2022 rtu220          ru         432536.2      3.6349703E-02  1.2400507E-05  3.7201524E-05   1474.791       55.25467      0.0000000E+00  0.0000000E+00  0.0000000E+00  0.0000000E+00  0.0000000E+00  4.1871663E-04  4.1871663E-04  4.1871663E-04  4.1871663E-04  4.1871663E-04  0.0000000E+00  4.2529181E-02
         365          12          31        2022 rtu230          ru         17661.99      1.4690664E-03  9.5048313E-07  2.8514492E-06   59.47065       2.228091      0.0000000E+00  0.0000000E+00  0.0000000E+00  0.0000000E+00  0.0000000E+00  4.8538277E-04  4.8538277E-04  4.8538277E-04  4.8538277E-04  4.8538277E-04  0.0000000E+00  4.2529061E-02
         365          12          31        2022 rtu240          ru         166222.5      1.3059360E-02  5.4810434E-06  1.6443135E-05   566.3342       21.21802      0.0000000E+00  0.0000000E+00  0.0000000E+00  0.0000000E+00  0.0000000E+00  4.1279959E-04  4.1279959E-04  4.1279959E-04  4.1279959E-04  4.1279959E-04  0.0000000E+00  4.2529065E-02
         365          12          31        2022 rtu250          ru         563479.9      4.8391901E-02  1.5200911E-05  4.5602741E-05   1918.948       71.89590      0.0000000E+00  0.0000000E+00  0.0000000E+00  0.0000000E+00  0.0000000E+00  4.3390819E-04  4.3390991E-04  4.3390991E-04  4.3390819E-04  4.3390819E-04  0.0000000E+00  4.2529184E-02
         365          12          31        2022 rtu260          ru         20136.75      1.4424335E-03  8.8820639E-07  2.6646187E-06   68.44408       2.564284      0.0000000E+00  0.0000000E+00  0.0000000E+00  0.0000000E+00  0.0000000E+00  4.2586480E-04  4.2586480E-04  4.2586480E-04  4.2586480E-04  4.2586480E-04  0.0000000E+00  4.2529061E-02
         365          12          31        2022 rtu270          ru         48732.68      3.4247045E-03  1.7718203E-06  5.3154599E-06   164.9290       6.179142      0.0000000E+00  0.0000000E+00  0.0000000E+00  0.0000000E+00  0.0000000E+00  4.1359395E-04  4.1359395E-04  4.1359395E-04  4.1359395E-04  4.1359395E-04  0.0000000E+00  4.2529069E-02
         365          12          31        2022 rtu280          ru         25961.43      1.8690879E-03  1.0532699E-06  3.1598086E-06   87.51827       3.278908      0.0000000E+00  0.0000000E+00  0.0000000E+00  0.0000000E+00  0.0000000E+00  4.4423927E-04  4.4423927E-04  4.4423927E-04  4.4423927E-04  4.4423927E-04  0.0000000E+00  4.2529065E-02
         365          12          31        2022 rtu290          ru         84217.20      6.5516341E-03  3.1570737E-06  9.4712213E-06   286.5630       10.73621      0.0000000E+00  0.0000000E+00  0.0000000E+00  0.0000000E+00  0.0000000E+00  4.1937202E-04  4.1937202E-04  4.1937202E-04  4.1937202E-04  4.1937202E-04  0.0000000E+00  4.2529065E-02
         365          12          31        2022 rtu300          ru         39530.05      2.6375663E-03  1.3995082E-06  4.1985222E-06   135.0100       5.058210      0.0000000E+00  0.0000000E+00  0.0000000E+00  0.0000000E+00  0.0000000E+00  3.1624499E-04  3.1624499E-04  3.1624499E-04  3.1624499E-04  3.1624499E-04  0.0000000E+00  4.2529050E-02
         365          12          31        2022 rtu310          ru         46192.06      3.0913220E-03  1.6087222E-06  4.8261691E-06   157.7631       5.910667      0.0000000E+00  0.0000000E+00  0.0000000E+00  0.0000000E+00  0.0000000E+00  3.0789417E-04  3.0789417E-04  3.0789417E-04  3.0789417E-04  3.0789417E-04  0.0000000E+00  4.2529058E-02
         365          12          31        2022 rtu320          ru         134172.5      1.1746537E-02  5.0623212E-06  1.5186964E-05   457.9164       17.15626      0.0000000E+00  0.0000000E+00  0.0000000E+00  0.0000000E+00  0.0000000E+00  4.6735338E-04  4.6735338E-04  4.6735338E-04  4.6735338E-04  4.6735338E-04  0.0000000E+00  4.2529237E-02
         365          12          31        2022 rtu330          ru         53211.84      4.7625937E-03  2.4571939E-06  7.3715864E-06   181.7393       6.808943      0.0000000E+00  0.0000000E+00  0.0000000E+00  0.0000000E+00  0.0000000E+00  1.7380687E-04  1.7380687E-04  1.7380687E-04  1.7380687E-04  1.7380687E-04  0.0000000E+00  4.2529073E-02
         365          12          31        2022 rtu340          ru         164847.9      1.2042135E-02  4.9235664E-06  1.4770694E-05   562.7845       21.08509      0.0000000E+00  0.0000000E+00  0.0000000E+00  0.0000000E+00  0.0000000E+00  4.1380778E-04  4.1380778E-04  4.1380778E-04  4.1380778E-04  4.1380778E-04  0.0000000E+00  4.2529061E-02
         365          12          31        2022 rtu350          ru         142717.3      9.8017287E-03  4.0244795E-06  1.2073432E-05   487.4218       18.26163      0.0000000E+00  0.0000000E+00  0.0000000E+00  0.0000000E+00  0.0000000E+00  3.1220220E-04  3.1220220E-04  3.1220220E-04  3.1220220E-04  3.1220220E-04  0.0000000E+00  4.2529065E-02
         365          12          31        2022 rtu360          ru         69979.92      4.7642849E-03  2.2374190E-06  6.7122583E-06   239.0060       8.954494      0.0000000E+00  0.0000000E+00  0.0000000E+00  0.0000000E+00  0.0000000E+00  1.2033989E-04  1.2033989E-04  1.2033989E-04  1.2033989E-04  1.2033989E-04  0.0000000E+00  4.2529058E-02
         365          12          31        2022 rtu370          ru         106141.6      7.2689056E-03  3.2287305E-06  9.6861868E-06   362.5083       13.58161      0.0000000E+00  0.0000000E+00  0.0000000E+00  0.0000000E+00  0.0000000E+00  3.3624313E-04  3.3624313E-04  3.3624313E-04  3.3624313E-04  3.3624313E-04  0.0000000E+00  4.2529065E-02
         365          12          31        2022 rtu380          ru         93786.87      7.1742889E-03  3.3172146E-06  9.9516483E-06   319.8592       11.98393      0.0000000E+00  0.0000000E+00  0.0000000E+00  0.0000000E+00  0.0000000E+00  4.3208571E-04  4.3208571E-04  4.3208571E-04  4.3208571E-04  4.3208571E-04  0.0000000E+00  4.2529356E-02
         365          12          31        2022 rtu390          ru         1881.939      5.6850514E-04  2.0439498E-07  6.1318508E-07   5.341823      0.2001392      0.0000000E+00  0.0000000E+00  0.0000000E+00  0.0000000E+00  0.0000000E+00  4.0879002E-04  4.0879002E-04  4.0879002E-04  4.0879002E-04  4.0879002E-04  0.0000000E+00  4.2529438E-02
         365          12          31        2022 rtu400          ru         3989.711      1.3523393E-03  4.2537667E-07  1.2761293E-06   11.98627      0.4490719      0.0000000E+00  0.0000000E+00  0.0000000E+00  0.0000000E+00  0.0000000E+00  6.7588640E-04  6.7588640E-04  6.7588640E-04  6.7588640E-04  6.7588640E-04  0.0000000E+00  4.2529110E-02
         365          12          31        2022 rtu410          ru         31099.05      4.6004504E-03  2.1930384E-06  6.5791187E-06   106.2155       3.979410      0.0000000E+00  0.0000000E+00  0.0000000E+00  0.0000000E+00  0.0000000E+00  4.8369681E-04  4.8369681E-04  4.8369681E-04  4.8369681E-04  4.8369681E-04  0.0000000E+00  4.2529080E-02
         365          12          31        2022 rtu420          ru         6012.797      9.3600352E-04  5.2652831E-07  1.5795860E-06   20.42347      0.7651856      0.0000000E+00  0.0000000E+00  0.0000000E+00  0.0000000E+00  0.0000000E+00  5.5013562E-04  5.5013562E-04  5.5013562E-04  5.5013562E-04  5.5013562E-04  0.0000000E+00  4.2529281E-02
         365          12          31        2022 rtu430          ru         3603.907      1.5358105E-03  4.0661115E-07  1.2198344E-06   10.76827      0.4034380      0.0000000E+00  0.0000000E+00  0.0000000E+00  0.0000000E+00  0.0000000E+00  7.4094610E-04  7.4094610E-04  7.4094610E-04  7.4094610E-04  7.4094610E-04  0.0000000E+00  4.2529073E-02
         365          12          31        2022 rtu440          ru         5890.441      2.0332802E-03  6.3743755E-07  1.9123117E-06   18.47383      0.6921304      0.0000000E+00  0.0000000E+00  0.0000000E+00  0.0000000E+00  0.0000000E+00  7.2300993E-04  7.2300993E-04  7.2300993E-04  7.2300993E-04  7.2300993E-04  0.0000000E+00  4.2529088E-02
         365          12          31        2022 rtu450          ru         122.3261      1.1696285E-05  1.0146934E-08  3.0440802E-08  0.2927037      1.0966262E-02  0.0000000E+00  0.0000000E+00  0.0000000E+00  0.0000000E+00  0.0000000E+00  3.1221341E-04  3.1221341E-04  3.1221341E-04  3.1221341E-04  3.1221341E-04  0.0000000E+00  4.2529061E-02
         365          12          31        2022 rtu460          ru         17454.99      3.7452958E-03  1.5102135E-06  4.5306410E-06   59.61555       2.233526      0.0000000E+00  0.0000000E+00  0.0000000E+00  0.0000000E+00  0.0000000E+00  5.7752046E-04  5.7752046E-04  5.7752046E-04  5.7752046E-04  5.7752046E-04  0.0000000E+00  4.2529099E-02
         365          12          31        2022 rtu470          ru         2361.834      1.4896691E-04  1.3940490E-07  4.1821465E-07   7.512729      0.2814673      0.0000000E+00  0.0000000E+00  0.0000000E+00  0.0000000E+00  0.0000000E+00  4.4099710E-04  4.4099710E-04  4.4099710E-04  4.4099710E-04  4.4099710E-04  0.0000000E+00  4.2529061E-02
         365          12          31        2022 rtu480          ru         668.0886      5.0732393E-05  4.9515890E-08  1.4854760E-07   1.855923      6.9533035E-02  0.0000000E+00  0.0000000E+00  0.0000000E+00  0.0000000E+00  0.0000000E+00  5.4389075E-04  5.4389075E-04  5.4389075E-04  5.4389075E-04  5.4389075E-04  0.0000000E+00  4.2529084E-02
         365          12          31        2022 rtu490          ru         432.8460      4.0616771E-05  3.5179692E-08  1.0553906E-07   1.149266      4.3057740E-02  0.0000000E+00  0.0000000E+00  0.0000000E+00  0.0000000E+00  0.0000000E+00  5.8874028E-04  5.8874028E-04  5.8874028E-04  5.8874028E-04  5.8874028E-04  0.0000000E+00  4.2529073E-02
         365          12          31        2022 rtu500          ru         809.2339      4.2136533E-05  4.4894467E-08  1.3468343E-07   2.470834      9.2570856E-02  0.0000000E+00  0.0000000E+00  0.0000000E+00  0.0000000E+00  0.0000000E+00  4.1322602E-04  4.1322602E-04  4.1322602E-04  4.1322602E-04  4.1322602E-04  0.0000000E+00  4.2529073E-02
         365          12          31        2022 rtu510          ru         2719.403      2.3972373E-04  1.9911356E-07  5.9734055E-07   8.306014      0.3111902      0.0000000E+00  0.0000000E+00  0.0000000E+00  0.0000000E+00  0.0000000E+00  5.3444831E-04  5.3444831E-04  5.3444831E-04  5.3444831E-04  5.3444831E-04  0.0000000E+00  4.2529158E-02
         365          12          31        2022 rtu520          ru         10962.26      8.6060655E-04  5.8308217E-07  1.7492461E-06   37.41719       1.401883      0.0000000E+00  0.0000000E+00  0.0000000E+00  0.0000000E+00  0.0000000E+00  4.4074957E-04  4.4074957E-04  4.4074957E-04  4.4074957E-04  4.4074957E-04  0.0000000E+00  4.2529382E-02
         365          12          31        2022 rtu530          ru         24728.69      8.0423383E-03  2.3530754E-06  7.0592291E-06   84.45744       3.164263      0.0000000E+00  0.0000000E+00  0.0000000E+00  0.0000000E+00  0.0000000E+00  6.3411164E-04  6.3411164E-04  6.3411164E-04  6.3411164E-04  6.3411164E-04  0.0000000E+00  4.2529188E-02
         365          12          31        2022 rtu540          ru         29113.60      6.4899293E-03  2.3345060E-06  7.0035189E-06   99.43360       3.725352      0.0000000E+00  0.0000000E+00  0.0000000E+00  0.0000000E+00  0.0000000E+00  5.3855724E-04  5.3855724E-04  5.3855724E-04  5.3855724E-04  5.3855724E-04  0.0000000E+00  4.2529177E-02
         365          12          31        2022 rtu550          ru         6257.467      6.5284595E-03  7.8708621E-07  2.3612586E-06   18.54118      0.6946631      0.0000000E+00  0.0000000E+00  0.0000000E+00  0.0000000E+00  0.0000000E+00  7.7335845E-04  7.7335845E-04  7.7335845E-04  7.7335845E-04  7.7335845E-04  0.0000000E+00  4.2529255E-02
         365          12          31        2022 rtu560          ru         2869.946      3.6162655E-03  3.5133519E-07  1.0540049E-06   7.843141      0.2938503      0.0000000E+00  0.0000000E+00  0.0000000E+00  0.0000000E+00  0.0000000E+00  7.8032026E-04  7.8032026E-04  7.8032026E-04  7.8032026E-04  7.8032026E-04  0.0000000E+00  4.2529237E-02
         365          12          31        2022 rtu570          ru         3876.795      4.4630142E-03  4.4907495E-07  1.3472248E-06   10.93043      0.4095181      0.0000000E+00  0.0000000E+00  0.0000000E+00  0.0000000E+00  0.0000000E+00  7.4146595E-04  7.4146595E-04  7.4146595E-04  7.4146595E-04  7.4146595E-04  0.0000000E+00  4.2529222E-02
         365          12          31        2022 rtu580          ru         4036.761      2.8630446E-03  4.5659024E-07  1.3697709E-06   11.43115      0.4282750      0.0000000E+00  0.0000000E+00  0.0000000E+00  0.0000000E+00  0.0000000E+00  7.5175660E-04  7.5175660E-04  7.5175660E-04  7.5175660E-04  7.5175660E-04  0.0000000E+00  4.2529132E-02
         365          12          31        2022 rtu590          ru         6774.981      7.9367803E-03  7.8662100E-07  2.3598632E-06   18.75057      0.7025052      0.0000000E+00  0.0000000E+00  0.0000000E+00  0.0000000E+00  0.0000000E+00  7.6264853E-04  7.6264853E-04  7.6264853E-04  7.6264853E-04  7.6264853E-04  0.0000000E+00  4.2529218E-02
         365          12          31        2022 rtu600          ru         1750.206      5.4357341E-04  2.0789523E-07  6.2368576E-07   5.478320      0.2052480      0.0000000E+00  0.0000000E+00  0.0000000E+00  0.0000000E+00  0.0000000E+00  7.9630641E-04  7.9630641E-04  7.9630641E-04  7.9630641E-04  7.9630641E-04  0.0000000E+00  4.2529088E-02
         365          12          31        2022 rtu610          ru         169.3746      1.0357240E-04  1.8727492E-08  5.6182500E-08  0.3942107      1.4769392E-02  0.0000000E+00  0.0000000E+00  0.0000000E+00  0.0000000E+00  0.0000000E+00  4.1616659E-04  4.1616659E-04  4.1616659E-04  4.1616659E-04  4.1616659E-04  0.0000000E+00  4.2529169E-02
         365          12          31        2022 rtu620          ru         272.8812      1.3557592E-04  2.6848049E-08  8.0544162E-08  0.6774120      2.5379574E-02  0.0000000E+00  0.0000000E+00  0.0000000E+00  0.0000000E+00  0.0000000E+00  6.0840033E-04  6.0840033E-04  6.0840033E-04  6.0840033E-04  6.0840033E-04  0.0000000E+00  4.2529095E-02
         365          12          31        2022 rtu630          ru         3594.505      3.5583539E-04  2.6800376E-07  8.0401151E-07   11.25673      0.4217379      0.0000000E+00  0.0000000E+00  0.0000000E+00  0.0000000E+00  0.0000000E+00  4.8357484E-04  4.8357484E-04  4.8357484E-04  4.8357484E-04  4.8357484E-04  0.0000000E+00  4.2529065E-02
         365          12          31        2022 rtu640          ru         4780.125      2.8179647E-04  2.1662521E-07  6.4987569E-07   16.32602      0.6116605      0.0000000E+00  0.0000000E+00  0.0000000E+00  0.0000000E+00  0.0000000E+00  3.5781690E-04  3.5781690E-04  3.5781690E-04  3.5781690E-04  3.5781690E-04  0.0000000E+00  4.2529065E-02
         365          12          31        2022 rtu650          ru         4836.584      3.8027280E-04  3.0475806E-07  9.1427404E-07   15.94508      0.5973889      0.0000000E+00  0.0000000E+00  0.0000000E+00  0.0000000E+00  0.0000000E+00  4.3292870E-04  4.3292870E-04  4.3292870E-04  4.3292870E-04  4.3292870E-04  0.0000000E+00  4.2529069E-02
         365          12          31        2022 rtu660          ru         9729.628      8.5142080E-04  6.0696641E-07  1.8209003E-06   33.19633       1.243713      0.0000000E+00  0.0000000E+00  0.0000000E+00  0.0000000E+00  0.0000000E+00  4.8602751E-04  4.8602751E-04  4.8602751E-04  4.8602751E-04  4.8602751E-04  0.0000000E+00  4.2529061E-02
         365          12          31        2022 rtu670          ru         2098.363      4.8437106E-04  2.1027324E-07  6.3081984E-07   5.948623      0.2228678      0.0000000E+00  0.0000000E+00  0.0000000E+00  0.0000000E+00  0.0000000E+00  7.0978561E-04  7.0978561E-04  7.0978561E-04  7.0978561E-04  7.0978561E-04  0.0000000E+00  4.2529069E-02
         365          12          31        2022 rtu680          ru         10360.08      8.3025675E-03  1.2284569E-06  3.6853726E-06   34.13031       1.278717      0.0000000E+00  0.0000000E+00  0.0000000E+00  0.0000000E+00  0.0000000E+00  7.6239050E-04  7.6239050E-04  7.6239050E-04  7.6239050E-04  7.6239050E-04  0.0000000E+00  4.2529169E-02
         365          12          31        2022 rtu690          ru         6859.669      4.1750344E-04  3.1565634E-07  9.4696890E-07   23.42849      0.8777571      0.0000000E+00  0.0000000E+00  0.0000000E+00  0.0000000E+00  0.0000000E+00  3.5098856E-04  3.5098856E-04  3.5098856E-04  3.5098856E-04  3.5098856E-04  0.0000000E+00  4.2529058E-02
         365          12          31        2022 rtu700          ru         131.7357      5.7295078E-05  1.1932297E-08  3.5796877E-08  0.3197695      1.1980296E-02  0.0000000E+00  0.0000000E+00  0.0000000E+00  0.0000000E+00  0.0000000E+00  6.6070841E-04  6.6070841E-04  6.6070841E-04  6.6070841E-04  6.6070841E-04  0.0000000E+00  4.2529061E-02
         365          12          31        2022 rtu710          ru         7452.480      4.5037654E-04  3.2818124E-07  9.8454314E-07   25.45316      0.9536125      0.0000000E+00  0.0000000E+00  0.0000000E+00  0.0000000E+00  0.0000000E+00  3.4564789E-04  3.4564789E-04  3.4564789E-04  3.4564789E-04  3.4564789E-04  0.0000000E+00  4.2529065E-02
         365          12          31        2022 rtu720          ru         13568.77      1.1629951E-03  7.8574749E-07  2.3572422E-06   46.34273       1.736248      0.0000000E+00  0.0000000E+00  0.0000000E+00  0.0000000E+00  0.0000000E+00  4.2260371E-04  4.2260371E-04  4.2260371E-04  4.2260371E-04  4.2260371E-04  0.0000000E+00  4.2529069E-02
         365          12          31        2022 rtu730          ru         4836.584      8.0989365E-04  4.4259329E-07  1.3277798E-06   15.51167      0.5811510      0.0000000E+00  0.0000000E+00  0.0000000E+00  0.0000000E+00  0.0000000E+00  6.5926585E-04  6.5926585E-04  6.5926585E-04  6.5926585E-04  6.5926585E-04  0.0000000E+00  4.2529061E-02
         365          12          31        2022 rtu740          ru         150.5552      3.9405488E-05  1.4781238E-08  4.4343690E-08  0.3635013      1.3618762E-02  0.0000000E+00  0.0000000E+00  0.0000000E+00  0.0000000E+00  0.0000000E+00  7.2405540E-04  7.2405540E-04  7.2405540E-04  7.2405540E-04  7.2405540E-04  0.0000000E+00  4.2529095E-02
         365          12          31        2022 rtu750          ru         16438.80      2.5063043E-03  1.3000549E-06  3.9001670E-06   56.14477       2.103496      0.0000000E+00  0.0000000E+00  0.0000000E+00  0.0000000E+00  0.0000000E+00  5.7659519E-04  5.7659519E-04  5.7659519E-04  5.7659519E-04  5.7659519E-04  0.0000000E+00  4.2529121E-02
         365          12          31        2022 rtu760          ru         36650.74      2.6461942E-02  3.8367393E-06  1.1510222E-05   125.1751       4.689799      0.0000000E+00  0.0000000E+00  0.0000000E+00  0.0000000E+00  0.0000000E+00  6.8576582E-04  6.8576582E-04  6.8576582E-04  6.8576582E-04  6.8576582E-04  0.0000000E+00  4.2529240E-02
         365          12          31        2022 rtu770          ru         705630.4      5.6646697E-02  1.7371880E-05  5.2115622E-05   2405.482       90.12514      0.0000000E+00  0.0000000E+00  0.0000000E+00  0.0000000E+00  0.0000000E+00  4.0086251E-04  4.0087008E-04  4.0087008E-04  4.0086251E-04  4.0086251E-04  0.0000000E+00  4.2529132E-02
